BJD - 2454833, Corrected Flux
2231.047685962, 1.016138723,
2231.068118298, 1.019109091,
2231.088550534, 1.010916081,
2231.108982669, 1.029668185,
2231.129415004, 1.022053914,
2231.149847138, 1.004302819,
2231.170279372, 1.021438301,
2231.190711705, 1.014908907,
2231.211143938, 1.007177490,
2231.231576070, 1.030250309,
2231.252008401, 1.027457376,
2231.272440632, 1.008154007,
2231.292872763, 1.021938244,
2231.313305093, 1.022563660,
2231.333737322, 1.011367717,
2231.354169450, 1.007803769,
2231.374601778, 1.017921046,
2231.395034006, 1.006294284,
2231.415466133, 1.004273023,
2231.456330686, 0.995588051,
2231.476763011, 1.005316690,
2231.497195136, 1.013006285,
2231.517627360, 1.009140664,
2231.538059684, 1.010352048,
2231.558491807, 1.006444967,
2231.578924030, 0.997530800,
2231.599356352, 1.029419463,
2231.619788474, 1.002334526,
2231.640220695, 1.008132129,
2231.660653015, 1.013355377,
2231.701517355, 1.044816568,
2231.721949674, 1.015811973,
2231.742381892, 1.014598815,
2231.762814010, 1.022042086,
2231.783246327, 0.999729113,
2231.803678544, 1.001746667,
2231.824110660, 1.018174754,
2231.844542976, 1.018740783,
2231.864975091, 1.012369241,
2231.885407305, 1.025458176,
2231.905839619, 1.022747521,
2231.926271733, 1.012460577,
2231.946703945, 1.009580947,
2231.967136258, 1.008084199,
2231.987568370, 1.004019111,
2232.008000581, 1.017872368,
2232.028432892, 1.016585950,
2232.048865102, 1.009183445,
2232.069297311, 1.011512075,
2232.089729520, 1.005893957,
2232.110161729, 1.000246425,
2232.130593937, 0.997408658,
2232.151026145, 0.991913107,
2232.191890558, 1.017958869,
2232.212322764, 1.001901915,
2232.232754969, 0.991460866,
2232.253187274, 1.003357247,
2232.273619378, 0.997767546,
2232.294051582, 1.022850867,
2232.314483885, 0.998711441,
2232.334915988, 0.990736318,
2232.355348190, 1.008021786,
2232.396212592, 0.996189699,
2232.416644793, 1.013637184,
2232.437077093, 0.990957220,
2232.457509192, 1.002185497,
2232.477941391, 1.007451763,
2232.498373689, 1.003141817,
2232.518805887, 1.022420139,
2232.539237984, 1.003007083,
2232.559670181, 1.033733843,
2232.580102377, 1.009569167,
2232.600534573, 1.003753568,
2232.620966868, 1.006818861,
2232.641398963, 0.995992826,
2232.682263450, 1.013627430,
2232.702695543, 1.001505831,
2232.723127735, 1.013363912,
2232.743560028, 1.001328377,
2232.763992119, 0.999386285,
2232.784424309, 1.016363289,
2232.804856600, 0.999897872,
2232.825288689, 1.009917817,
2232.845720979, 1.009128672,
2232.866153167, 1.006896811,
2232.886585356, 1.005912835,
2232.907017543, 1.005762488,
2232.927449730, 0.993430330,
2232.947881917, 0.981930967,
2232.968314103, 1.035824852,
2232.988746288, 0.994395215,
2233.009178473, 1.004211190,
2233.029610657, 1.022018908,
2233.050042841, 0.998005257,
2233.070475025, 1.009977543,
2233.090907307, 1.011315651,
2233.111339390, 1.002029310,
2233.131771571, 0.997952522,
2233.172635933, 1.007652149,
2233.193068113, 1.000524280,
2233.213500393, 1.012919106,
2233.233932472, 0.997062981,
2233.254364651, 1.012576782,
2233.274796829, 0.994117060,
2233.295229007, 1.016724678,
2233.315661183, 1.000980204,
2233.336093360, 1.002598379,
2233.356525535, 1.006910533,
2233.376957711, 1.020255434,
2233.397389886, 1.016876205,
2233.417822060, 1.004282505,
2233.438254234, 1.009477806,
2233.458686507, 1.002491805,
2233.479118580, 0.999507951,
2233.499550752, 1.018446590,
2233.519983024, 1.019451270,
2233.540415095, 1.010017079,
2233.560847266, 1.000343358,
2233.581279536, 1.016632816,
2233.601711605, 1.002391814,
2233.622143874, 1.034323037,
2233.663008111, 1.013403535,
2233.683440379, 1.060801481,
2233.703872545, 0.985894861,
2233.724304711, 1.005817859,
2233.744736878, 1.003806290,
2233.765169043, 1.007885441,
2233.785601208, 1.023727755,
2233.806033372, 1.015732300,
2233.826465536, 1.013108099,
2233.846897699, 1.000995467,
2233.867329862, 1.008545780,
2233.887762024, 1.016711474,
2233.908194186, 0.994635447,
2233.928626447, 1.007322253,
2233.949058507, 1.006962490,
2233.969490668, 0.994905610,
2233.989922827, 1.011740545,
2234.010354986, 1.011544507,
2234.030787145, 1.009496435,
2234.051219303, 1.019292568,
2234.071651460, 1.013201025,
2234.092083617, 1.000778192,
2234.112515774, 1.008433370,
2234.153380085, 1.022361960,
2234.173812240, 1.031706558,
2234.194244394, 1.005909021,
2234.214676548, 0.994361133,
2234.235108701, 0.987290438,
2234.255540854, 1.005791593,
2234.275973006, 0.997363444,
2234.296405258, 1.005721415,
2234.316837309, 1.010681694,
2234.337269460, 0.994956839,
2234.357701710, 1.034311740,
2234.398565909, 1.007831316,
2234.439430206, 0.996912676,
2234.459862453, 1.001466726,
2234.480294601, 0.997453672,
2234.500726647, 1.035575049,
2234.521158893, 1.008742364,
2234.541591039, 1.066484677,
2234.562023184, 1.016290942,
2234.582455328, 1.022745177,
2234.602887472, 0.999218824,
2234.643751759, 1.007107667,
2234.664183901, 0.997032217,
2234.684616043, 1.012898551,
2234.705048184, 1.007620897,
2234.725480325, 1.015681800,
2234.745912465, 0.989157862,
2234.766344606, 1.003805909,
2234.786776745, 1.030381925,
2234.807208883, 1.002858622,
2234.827641022, 1.004171641,
2234.848073160, 1.024640412,
2234.868505197, 1.001311227,
2234.888937433, 0.997952047,
2234.909369570, 0.993157587,
2234.929801605, 1.020959410,
2234.950233841, 1.018705883,
2234.970665975, 1.001824796,
2234.991098109, 1.016759521,
2235.011530243, 0.996602455,
2235.031962376, 1.025871708,
2235.052394509, 1.005850905,
2235.072826641, 1.008367006,
2235.093258773, 1.015922188,
2235.134123134, 1.012687944,
2235.154555165, 1.006011979,
2235.174987294, 1.017201235,
2235.195419523, 1.036004381,
2235.215851551, 1.015258939,
2235.236283680, 1.012406835,
2235.256715907, 1.000706337,
2235.277147934, 0.998306434,
2235.297580160, 1.009011807,
2235.318012287, 0.998420862,
2235.338444312, 0.965049768,
2235.358876537, 1.011546840,
2235.379308661, 1.018771505,
2235.399740785, 1.013093356,
2235.420172909, 1.022945143,
2235.440605032, 1.017331602,
2235.461037154, 1.013992362,
2235.481469276, 1.024472468,
2235.501901397, 0.994183443,
2235.522333518, 1.003191204,
2235.542765639, 1.019191520,
2235.563197758, 0.992154841,
2235.583629878, 1.039823119,
2235.604061997, 0.998791796,
2235.624494115, 1.002892602,
2235.644926133, 1.015028613,
2235.665358350, 1.024020734,
2235.685790467, 1.001176918,
2235.706222483, 1.005787681,
2235.726654699, 1.018235499,
2235.747086814, 1.007121028,
2235.767518829, 1.024681078,
2235.787951043, 1.011699845,
2235.808383157, 1.003316596,
2235.828815270, 1.002305390,
2235.869679496, 1.008543461,
2235.890111607, 1.032662512,
2235.910543719, 1.039227791,
2235.930975829, 1.024391498,
2235.951407939, 1.003702649,
2235.971840149, 1.006852458,
2235.992272159, 1.012239099,
2236.012704267, 0.995820848,
2236.033136476, 1.036512560,
2236.053568483, 1.014039283,
2236.074000690, 1.011499725,
2236.094432797, 1.031208026,
2236.114864803, 1.013430843,
2236.135297009, 1.026877564,
2236.155729114, 1.010058167,
2236.176161119, 1.015308505,
2236.217025427, 1.065202184,
2236.237457530, 1.015681753,
2236.257889633, 1.011840028,
2236.278321635, 1.021052152,
2236.298753837, 1.035206694,
2236.319185938, 1.005437703,
2236.339618039, 1.014013423,
2236.360050039, 1.007267335,
2236.380482238, 1.010278847,
2236.400914338, 1.040916882,
2236.421346336, 1.001283301,
2236.441778535, 1.023153744,
2236.462210632, 1.040056474,
2236.482642630, 1.002686454,
2236.503074826, 0.998490118,
2236.523506922, 1.015099142,
2236.543938918, 0.997328679,
2236.564371113, 1.023051641,
2236.605235202, 1.015840370,
2236.625667396, 1.015702099,
2236.646099489, 1.014115140,
2236.666531582, 1.026207117,
2236.686963674, 1.012980289,
2236.707395766, 1.003123703,
2236.727827857, 1.034704459,
2236.748259948, 1.021728174,
2236.768692038, 1.007499541,
2236.789124128, 0.991075999,
2236.809556317, 1.020664564,
2236.850420394, 1.012789617,
2236.870852582, 0.999476548,
2236.891284569, 1.014855999,
2236.911716756, 1.010109003,
2236.932148842, 1.020135138,
2236.952580828, 1.025330076,
2236.973013013, 0.989424914,
2236.993444998, 1.002783620,
2237.013877082, 0.991789187,
2237.034309266, 1.014903452,
2237.054741249, 1.033261814,
2237.075173332, 0.999791006,
2237.095605514, 1.005001281,
2237.116037496, 1.023664222,
2237.136469577, 0.997278060,
2237.156901758, 1.018533651,
2237.177333839, 0.986344714,
2237.197765818, 1.017653577,
2237.218197998, 1.040353557,
2237.238630077, 1.007486203,
2237.259062055, 1.047104397,
2237.279494233, 1.005740778,
2237.299926310, 1.004990264,
2237.320358287, 1.007213337,
2237.340790464, 1.010889620,
2237.361222539, 1.040843143,
2237.381654515, 0.998451774,
2237.402086690, 1.002036068,
2237.422518764, 1.007381524,
2237.463382912, 1.029723921,
2237.483814985, 1.014306274,
2237.504247057, 0.997109552,
2237.524679129, 1.001017432,
2237.545111201, 1.008523338,
2237.565543272, 1.019437148,
2237.585975343, 0.998078567,
2237.606407412, 1.015214260,
2237.626839482, 1.006185091,
2237.647271651, 1.020740901,
2237.667703620, 1.005732089,
2237.688135688, 1.019806112,
2237.708567856, 1.034330369,
2237.728999823, 1.022401101,
2237.749431989, 1.007672230,
2237.769863956, 1.031930460,
2237.790296021, 1.015940822,
2237.810728187, 1.012701472,
2237.831160151, 1.019953852,
2237.851592216, 1.024577790,
2237.872024379, 1.010184712,
2237.892456342, 1.006496900,
2237.912888405, 1.019608987,
2237.933320567, 1.009460432,
2237.953752529, 1.026367565,
2237.974184590, 1.015899989,
2237.994616751, 1.013913397,
2238.015048812, 1.027889434,
2238.035480771, 1.018727834,
2238.055912931, 1.009794216,
2238.076344990, 1.019223834,
2238.096776948, 1.018114559,
2238.117209106, 1.027004824,
2238.137641164, 1.018523899,
2238.158073121, 1.018537688,
2238.178505277, 1.027616606,
2238.198937333, 1.018323556,
2238.219369289, 1.017400245,
2238.239801444, 1.006227190,
2238.260233498, 1.028958660,
2238.280665453, 1.030391352,
2238.321529659, 1.016895161,
2238.341961712, 0.999306453,
2238.362393764, 1.021140431,
2238.382825816, 1.009240947,
2238.403257867, 1.029031683,
2238.423689918, 1.009176395,
2238.444121968, 1.026752593,
2238.464554018, 1.027493328,
2238.484986067, 1.021166784,
2238.505418115, 1.034664416,
2238.525850264, 1.041806306,
2238.566714259, 1.010691051,
2238.587146406, 1.018763685,
2238.607578352, 1.016400018,
2238.628010398, 1.020260403,
2238.668874489, 1.009859688,
2238.689306533, 0.988209531,
2238.709738677, 1.017493546,
2238.730170621, 1.009459993,
2238.750602664, 1.010998441,
2238.771034807, 1.013065137,
2238.791466749, 1.001990648,
2238.811898790, 0.999986862,
2238.832330931, 1.040835764,
2238.852762972, 1.000497892,
2238.873194912, 1.008714677,
2238.893627052, 1.007886022,
2238.914059092, 1.007824921,
2238.934491030, 1.019982398,
2238.954923168, 1.011622842,
2238.975355207, 1.005473470,
2238.995787144, 1.013437987,
2239.016219281, 1.012315283,
2239.036651317, 1.021428902,
2239.057083253, 0.991157726,
2239.077515389, 1.022919782,
2239.097947423, 0.988945785,
2239.118379358, 1.016201994,
2239.138811492, 1.012060716,
2239.159243526, 1.014636547,
2239.179675559, 1.002171155,
2239.200107591, 1.027082475,
2239.220539624, 1.011921658,
2239.240971656, 1.021614900,
2239.261403687, 1.022015545,
2239.281835718, 0.996857372,
2239.302267748, 0.965568304,
2239.322699778, 1.006076785,
2239.343131807, 1.029169885,
2239.363563936, 1.000068187,
2239.383995864, 1.013594903,
2239.404427892, 0.998739500,
2239.424860020, 1.009363975,
2239.445291947, 1.034470013,
2239.465723973, 1.013057134,
2239.486156099, 1.000408433,
2239.506588025, 1.013488529,
2239.527020050, 0.994957070,
2239.547452175, 1.004812531,
2239.567884099, 1.028526107,
2239.588316123, 0.994904586,
2239.608748246, 1.024520674,
2239.629180169, 1.016278954,
2239.649612191, 1.014144912,
2239.670044313, 1.016185207,
2239.690476335, 0.985381431,
2239.710908256, 1.029624075,
2239.731340376, 1.004898327,
2239.751772396, 1.009747072,
2239.772204316, 0.990547465,
2239.792636435, 1.009155924,
2239.813068453, 0.987156711,
2239.833500372, 0.994689678,
2239.853932489, 0.987859299,
2239.874364506, 1.017378303,
2239.894796423, 1.001910526,
2239.915228539, 1.005723930,
2239.935660555, 1.017306696,
2239.956092471, 1.022442864,
2239.976524586, 1.001981250,
2240.017388614, 0.992554222,
2240.037820627, 0.999861184,
2240.058252640, 1.022556205,
2240.078684653, 1.036156999,
2240.099116665, 0.995172748,
2240.119548677, 1.000026001,
2240.139980688, 1.003806009,
2240.160412699, 1.005549212,
2240.180844709, 1.023230416,
2240.201276819, 1.005150301,
2240.221708728, 1.006359891,
2240.242140737, 0.994870574,
2240.262572846, 1.001185610,
2240.283004753, 1.000972883,
2240.303436761, 1.002198889,
2240.323868868, 1.014234564,
2240.344300775, 1.014069912,
2240.364732781, 0.975465124,
2240.405596792, 1.017126249,
2240.426028797, 1.015144451,
2240.446460901, 1.022572435,
2240.466892805, 1.001925069,
2240.487324808, 0.995416601,
2240.548620816, 0.999544213,
2240.569052917, 0.999894432,
2240.589484918, 1.022776026,
2240.609916819, 1.034859073,
2240.630348919, 1.003841066,
2240.650780919, 0.997661290,
2240.671212818, 1.015482113,
2240.691644917, 1.040361974,
2240.712076915, 0.999128773,
2240.732508913, 1.005423016,
2240.752940910, 1.008976223,
2240.773372908, 0.997642398,
2240.793804904, 1.004081315,
2240.814236900, 0.994386323,
2240.834668896, 1.003928795,
2240.855100891, 1.005045351,
2240.875532886, 1.021687508,
2240.895964880, 1.000677090,
2240.916396874, 1.009599568,
2240.936828868, 0.990954059,
2240.957260860, 1.007724098,
2240.977692853, 0.998049832,
2240.998124845, 1.001078766,
2241.018556836, 1.005898733,
2241.100284898, 1.016633120,
2241.120716787, 0.980709993,
2241.141148776, 0.985934029,
2241.161580864, 1.000065406,
2241.182012752, 0.983906191,
2241.202444740, 0.993335977,
2241.222876827, 1.024298731,
2241.243308714, 1.002555323,
2241.263740700, 1.011065938,
2241.284172786, 1.021859301,
2241.304604671, 1.027020531,
2241.325036655, 0.995334640,
2241.345468740, 1.018443447,
2241.365900724, 1.008578913,
2241.386332607, 1.020564802,
2241.406764690, 1.006834640,
2241.427196673, 1.003360310,
2241.447628655, 1.011420488,
2241.468060637, 0.988150411,
2241.488492518, 1.005473330,
2241.508924599, 1.033527053,
2241.529356579, 1.000752968,
2241.549788559, 1.023214215,
2241.570220538, 1.014256857,
2241.590652517, 0.996479501,
2241.611084396, 1.009259095,
2241.631516474, 1.012704402,
2241.651948452, 0.994148074,
2241.672380329, 0.995202174,
2241.692812405, 1.014165980,
2241.713244382, 1.005705239,
2241.733676358, 1.014235958,
2241.754108333, 1.016844255,
2241.774540308, 0.999638394,
2241.794972283, 0.983980808,
2241.815404257, 0.983215370,
2241.835836230, 1.015364794,
2241.856268204, 1.025898973,
2241.876700276, 1.017835997,
2241.897132149, 0.992186168,
2241.917564121, 1.013651528,
2241.937996192, 1.002321208,
2241.958428063, 1.006099042,
2241.978860034, 1.097685614,
2241.999292104, 1.037056141,
2242.019723974, 1.000720650,
2242.040155943, 1.019634097,
2242.060588012, 0.989871400,
2242.081019880, 1.002888373,
2242.101451848, 1.009497304,
2242.121883915, 1.013922508,
2242.142315782, 1.013927555,
2242.162747849, 1.003020263,
2242.183179815, 0.993892729,
2242.203611781, 1.028938718,
2242.224043746, 1.000691033,
2242.244475711, 0.989799526,
2242.264907675, 1.004507239,
2242.285339639, 1.017236942,
2242.305771603, 1.052342130,
2242.326203466, 0.993608480,
2242.346635529, 1.006773342,
2242.367067491, 1.034773876,
2242.387499352, 1.005700675,
2242.407931414, 1.022940829,
2242.428363374, 0.999413382,
2242.448795235, 1.025600788,
2242.489659255, 1.011369702,
2242.510091114, 1.009493733,
2242.530523173, 1.021992717,
2242.550955131, 1.004105562,
2242.571387089, 1.007072261,
2242.591819046, 1.020321556,
2242.612251003, 1.014575369,
2242.632682959, 1.008798651,
2242.653114916, 1.014559928,
2242.673546871, 1.023190770,
2242.693978827, 1.004098184,
2242.714410881, 1.015164792,
2242.734842736, 1.034249804,
2242.755274690, 1.020166741,
2242.775706743, 1.022252483,
2242.796138596, 1.005698055,
2242.816570549, 1.029357236,
2242.837002601, 1.012151731,
2242.857434453, 1.014936173,
2242.877866504, 1.021352204,
2242.898298455, 1.010354317,
2242.918730305, 1.034708365,
2242.939162356, 1.049768158,
2242.959594305, 0.993955672,
2242.980026155, 1.008867182,
2243.000458203, 1.006596538,
2243.020890052, 0.999861367,
2243.041322099, 1.009298568,
2243.061754047, 1.023570941,
2243.082185894, 1.010838731,
2243.102617841, 1.012954224,
2243.123049887, 1.021580932,
2243.143481833, 1.011033816,
2243.163913678, 1.030976082,
2243.184345723, 1.020035335,
2243.204777667, 1.037395545,
2243.225209511, 1.009795700,
2243.245641554, 1.022475726,
2243.266073498, 1.017703821,
2243.286505340, 1.012024036,
2243.306937383, 1.021373990,
2243.327369325, 1.042131593,
2243.347801166, 1.024531978,
2243.368233207, 1.015513484,
2243.409097088, 1.013780008,
2243.429529028, 1.032934198,
2243.470392906, 1.012611558,
2243.490824845, 1.025013813,
2243.511256783, 1.011536183,
2243.531688720, 1.024702281,
2243.552120757, 1.020868067,
2243.572552594, 0.979773087,
2243.592984630, 0.993622087,
2243.613416566, 1.029477593,
2243.633848402, 1.008816208,
2243.654280437, 1.017947882,
2243.674712372, 1.052658387,
2243.715576240, 1.036613288,
2243.736008073, 1.014562861,
2243.756440006, 1.087875118,
2243.776872039, 1.004733781,
2243.797303871, 1.022719671,
2243.817735802, 1.006293712,
2243.838167834, 1.020612630,
2243.858599664, 1.016211334,
2243.879031595, 1.012186756,
2243.899463625, 0.996697713,
2243.919895454, 1.047957012,
2243.940327384, 1.020562744,
2243.960759412, 1.008256396,
2243.981191341, 1.011710367,
2244.001623169, 1.009427216,
2244.022055196, 1.044741053,
2244.062918950, 1.012888655,
2244.083350976, 1.048240870,
2244.103782902, 1.020042456,
2244.124214727, 1.008770123,
2244.144646752, 1.016127159,
2244.165078677, 1.028499329,
2244.205942525, 1.049597811,
2244.226374448, 1.029782421,
2244.246806471, 1.016979766,
2244.267238294, 1.018360935,
2244.287670216, 0.999383910,
2244.308102237, 1.042802521,
2244.328534058, 1.005816269,
2244.348965979, 1.047177312,
2244.369398000, 1.020388598,
2244.389829920, 1.022045706,
2244.410261739, 1.037291485,
2244.451125677, 1.037853845,
2244.471557495, 1.037769764,
2244.491989513, 1.032791123,
2244.512421331, 1.041349681,
2244.532853248, 1.036921256,
2244.553285265, 1.031305752,
2244.573717081, 1.004103724,
2244.594148997, 1.027241090,
2244.614581012, 1.021297907,
2244.635012828, 1.048289830,
2244.655444742, 1.019920128,
2244.696308570, 1.037062619,
2244.716740483, 0.985586022,
2244.757604309, 1.018395340,
2244.778036221, 1.026828371,
2244.798468233, 1.052104071,
2244.818900144, 1.016925456,
2244.839331955, 1.000597623,
2244.859763965, 1.030110305,
2244.880195875, 1.034303637,
2244.900627685, 1.009784876,
2244.941491603, 1.014952114,
2244.961923612, 1.005252288,
2244.982355420, 1.015009913,
2245.002787327, 1.031516720,
2245.023219335, 1.028232019,
2245.043651141, 1.015881070,
2245.064083048, 0.997505183,
2245.104946859, 1.052445621,
2245.125378764, 1.034977951,
2245.145810769, 1.018377463,
2245.186674478, 1.018547798,
2245.207106481, 1.022341394,
2245.227538284, 1.017000076,
2245.247970187, 1.037887034,
2245.268402189, 1.019535924,
2245.288833991, 1.031459551,
2245.309265893, 1.029481941,
2245.329697894, 1.023060240,
2245.350129695, 1.012198044,
2245.370561595, 1.045856729,
2245.390993595, 1.018806229,
2245.431857294, 1.025847431,
2245.452289292, 1.015211026,
2245.472721091, 1.136782518,
2245.493152988, 1.023495989,
2245.513584986, 1.025891418,
2245.534016783, 1.032391687,
2245.554448680, 1.001015143,
2245.574880676, 1.028789131,
2245.595312472, 1.008127330,
2245.615744367, 1.022689034,
2245.636176363, 1.015246884,
2245.656608257, 1.000565484,
2245.677040151, 1.043919499,
2245.697472045, 1.035580158,
2245.717903939, 1.004407205,
2245.738335932, 1.051092572,
2245.758767725, 1.027682923,
2245.779199617, 0.995717295,
2245.799631609, 1.026743692,
2245.820063400, 1.001353591,
2245.840495291, 1.055521264,
2245.860927282, 0.990248551,
2245.881359072, 1.012014039,
2245.901790962, 1.047798825,
2245.922222952, 0.998430905,
2245.942654741, 1.011507325,
2245.963086629, 1.022464623,
2245.983518518, 1.019964659,
2246.003950406, 0.990865967,
2246.044814180, 1.024078374,
2246.065246067, 1.016740546,
2246.085677953, 1.006609351,
2246.106109939, 1.018296421,
2246.167405595, 0.979364355,
2246.187837379, 1.058358296,
2246.208269263, 1.022106964,
2246.228701246, 1.033207478,
2246.249133030, 1.025634016,
2246.269564912, 1.004165997,
2246.289996895, 1.016779325,
2246.310428677, 0.991930079,
2246.330860658, 1.018493022,
2246.351292539, 1.000934392,
2246.371724320, 1.024627167,
2246.412588180, 1.017730691,
2246.433019960, 1.030381984,
2246.453451939, 1.001499851,
2246.473883818, 1.023496708,
2246.494315697, 1.036820775,
2246.514747575, 0.998511910,
2246.535179452, 1.004183384,
2246.555611329, 1.007599115,
2246.576043306, 1.045960084,
2246.596475083, 1.016585154,
2246.616906959, 1.007411634,
2246.637338935, 1.007748548,
2246.657770710, 1.020893156,
2246.678202585, 1.011131000,
2246.698634559, 1.022631223,
2246.719066333, 1.026587590,
2246.739498207, 1.045783466,
2246.759930081, 1.015645589,
2246.780361953, 1.042970129,
2246.800793726, 1.019824749,
2246.821225698, 1.006088901,
2246.841657570, 1.017780357,
2246.862089441, 1.001718207,
2246.902953183, 1.026728340,
2246.923385053, 1.049779819,
2246.943817023, 1.059552829,
2246.964248793, 1.012576804,
2246.984680762, 1.017177380,
2247.005112631, 1.018494251,
2247.025544399, 1.008623952,
2247.045976367, 1.011731254,
2247.066408234, 1.007465247,
2247.086840002, 1.088414804,
2247.107271968, 1.079394524,
2247.127703835, 1.022007258,
2247.148135601, 1.019218851,
2247.168567567, 1.009724161,
2247.209431197, 1.004141483,
2247.229863161, 1.007516498,
2247.250295025, 0.983453818,
2247.291158752, 1.025521564,
2247.311590615, 1.025093007,
2247.332022478, 1.031293680,
2247.352454340, 1.050256827,
2247.393318063, 1.008084273,
2247.413750024, 1.016193281,
2247.434181785, 1.013330474,
2247.454613645, 0.997473806,
2247.475045505, 1.001514847,
2247.495477365, 1.002574545,
2247.515909124, 1.021849663,
2247.536341082, 1.017649998,
2247.556772941, 1.010064867,
2247.577204899, 0.984597878,
2247.597636657, 1.009692622,
2247.638500471, 1.013025836,
2247.658932227, 1.005399059,
2247.679364083, 0.998959265,
2247.699796039, 1.006452833,
2247.720227794, 0.999448392,
2247.740659649, 0.996693651,
2247.761091604, 0.983286310,
2247.781523458, 1.000645652,
2247.801955212, 1.004221441,
2247.822387166, 0.990016583,
2247.842819019, 1.007102443,
2247.863250771, 0.986154196,
2247.883682724, 1.027088483,
2247.904114576, 0.986726851,
2247.924546327, 1.002453925,
2247.944978278, 0.987452563,
2247.965410129, 1.015547213,
2247.985841880, 0.987128399,
2248.006273830, 0.990122415,
2248.026705679, 0.988060319,
2248.067569378, 1.003067322,
2248.088001227, 1.022239584,
2248.108432975, 1.000956746,
2248.128864923, 1.027397334,
2248.149296770, 1.003888179,
2248.190160464, 1.052366760,
2248.210592310, 1.036869051,
2248.231024156, 1.032525079,
2248.251456002, 1.048143018,
2248.271887847, 1.013024781,
2248.292319692, 1.022666577,
2248.312751537, 1.043772396,
2248.333183381, 1.055626518,
2248.374047068, 1.013977781,
2248.394478911, 1.021623355,
2248.414910854, 1.004295531,
2248.435342596, 1.019295723,
2248.455774438, 1.025462155,
2248.476206379, 1.009012041,
2248.496638120, 1.013791176,
2248.517069961, 1.012869194,
2248.537501902, 1.021588641,
2248.557933642, 1.018977635,
2248.578365481, 1.018218764,
2248.598797421, 1.032104647,
2248.619229260, 1.012757981,
2248.639660999, 1.012059624,
2248.660092937, 1.007582400,
2248.680524775, 1.024881764,
2248.700956512, 1.008293858,
2248.721388449, 1.022684284,
2248.741820286, 1.017886103,
2248.762252022, 1.003605680,
2248.782683959, 1.026023794,
2248.803115794, 0.997996460,
2248.823547730, 1.040533085,
2248.864411299, 1.022358221,
2248.884843133, 1.014179226,
2248.905274967, 1.016126270,
2248.925706801, 1.025824488,
2248.946138634, 1.011283557,
2248.966570466, 1.033403676,
2248.987002299, 1.018663340,
2249.007434131, 1.013827642,
2249.027865963, 1.039297649,
2249.048297794, 1.035990256,
2249.068729625, 1.034369646,
2249.089161455, 1.016775927,
2249.109593286, 1.028604891,
2249.130025116, 1.023422851,
2249.150456945, 1.017215717,
2249.170888774, 1.047438671,
2249.191320703, 1.000369308,
2249.211752432, 1.014264365,
2249.232184259, 1.008613729,
2249.252616187, 1.053102551,
2249.273047915, 1.016599291,
2249.293479742, 1.025362713,
2249.313911668, 1.043994048,
2249.334343394, 1.028909082,
2249.354775221, 1.018260713,
2249.375207146, 1.004886488,
2249.395638871, 0.985879222,
2249.416070796, 1.015701644,
2249.436502621, 1.017213064,
2249.456934445, 1.023299306,
2249.477366269, 1.017493115,
2249.497798092, 1.008552394,
2249.518229915, 1.013596238,
2249.538661738, 1.003940523,
2249.559093560, 0.995582191,
2249.599957203, 1.032152677,
2249.620389025, 1.017084336,
2249.640820846, 1.028127684,
2249.661252666, 1.024844996,
2249.681684487, 0.994268731,
2249.702116306, 1.015473923,
2249.722548126, 1.014237684,
2249.742979945, 1.001465644,
2249.763411664, 1.026269644,
2249.783843582, 1.008315391,
2249.804275400, 1.019341848,
2249.845139035, 1.021424606,
2249.865570852, 1.020918353,
2249.886002669, 1.023224182,
2249.906434485, 1.017499696,
2249.926866302, 1.033176661,
2249.947298117, 1.014852966,
2249.967729932, 1.027452452,
2249.988161747, 1.030739328,
2250.008593562, 1.035873215,
2250.029025476, 1.019851601,
2250.049457190, 1.043617684,
2250.069889103, 1.021130790,
2250.090320916, 1.027074384,
2250.110752629, 1.019244538,
2250.131184542, 1.025256995,
2250.151616354, 1.017649918,
2250.172048066, 1.018220361,
2250.192479977, 1.031110256,
2250.212911788, 1.038439698,
2250.233343499, 1.023703961,
2250.253775409, 1.029235251,
2250.274207219, 1.016614071,
2250.294639029, 1.016717653,
2250.335502647, 1.041413960,
2250.355934456, 1.013955557,
2250.376366264, 1.024688449,
2250.396798072, 1.030321857,
2250.417229880, 1.040881939,
2250.437661687, 1.006609817,
2250.458093494, 1.019173675,
2250.478525201, 1.005019811,
2250.498957107, 1.007395255,
2250.519388913, 1.002516586,
2250.539820618, 1.040273901,
2250.560252523, 0.993735932,
2250.580684328, 1.004445680,
2250.601116033, 1.017751902,
2250.621547937, 1.031702392,
2250.641979741, 1.046941343,
2250.662411644, 1.021064518,
2250.682843347, 1.022602605,
2250.703275150, 1.021575962,
2250.723707052, 1.019333924,
2250.744138754, 1.023091507,
2250.764570556, 1.010227482,
2250.785002458, 1.036738874,
2250.805434159, 1.001906902,
2250.825865959, 1.009394265,
2250.846297860, 1.038444524,
2250.866729660, 1.036560785,
2250.887161359, 1.010762824,
2250.907593259, 1.002680019,
2250.928025058, 1.019251718,
2250.948456757, 1.018525561,
2250.968888655, 1.027327636,
2250.989320453, 1.009350111,
2251.009752151, 1.000007342,
2251.030184048, 1.025728140,
2251.071047542, 1.046141614,
2251.091479438, 1.046996493,
2251.111911234, 1.040169047,
2251.132343029, 1.028111980,
2251.152774825, 1.032489720,
2251.173206620, 1.021752307,
2251.193638414, 1.023245203,
2251.214070208, 1.031470414,
2251.234502003, 1.012132429,
2251.275365589, 1.008123548,
2251.316229175, 1.008806390,
2251.336660967, 1.018893715,
2251.357092759, 1.020394291,
2251.377524651, 1.021007265,
2251.397956342, 1.024795275,
2251.418388133, 1.015227210,
2251.438820024, 1.002067767,
2251.459251714, 1.053579982,
2251.479683504, 1.032059869,
2251.500115393, 1.107075828,
2251.520547083, 1.025289081,
2251.561410760, 1.041126543,
2251.581842449, 1.030865351,
2251.602274236, 1.031582118,
2251.622706124, 1.041502378,
2251.643137811, 1.020186030,
2251.684001485, 1.024646515,
2251.704433271, 1.028308126,
2251.724865057, 1.011547879,
2251.745296843, 1.016981023,
2251.765728628, 1.027961493,
2251.786160413, 1.005538378,
2251.806592197, 1.023153985,
2251.827023982, 1.026964208,
2251.847455766, 1.026515073,
2251.867887549, 1.035516577,
2251.888319333, 1.020208649,
2251.908751116, 1.040044425,
2251.929182898, 1.002972213,
2251.949614681, 1.036501802,
2251.970046463, 1.021566722,
2251.990478244, 1.022315621,
2252.010909926, 1.020068610,
2252.031341807, 1.078721666,
2252.051773587, 1.037916460,
2252.072205368, 1.027964684,
2252.092637148, 1.035036457,
2252.113068927, 1.022472745,
2252.133500707, 1.043829841,
2252.153932486, 1.021313862,
2252.174364265, 1.035282214,
2252.194796043, 1.031341973,
2252.215227921, 1.060830834,
2252.235659599, 1.009871151,
2252.256091376, 1.051420010,
2252.296954930, 1.018799140,
2252.317386807, 1.039008142,
2252.337818583, 1.007145181,
2252.358250259, 1.043874531,
2252.378682134, 1.042477906,
2252.399113909, 1.005193490,
2252.419545584, 0.996762725,
2252.439977459, 1.029357901,
2252.460409233, 1.059749180,
2252.480840907, 1.019565167,
2252.501272780, 1.030504854,
2252.542136326, 1.035444753,
2252.562568099, 1.031980365,
2252.582999871, 1.036417715,
2252.603431643, 1.027052979,
2252.623863415, 1.050565662,
2252.644295186, 1.018751365,
2252.664726957, 1.022540838,
2252.685158728, 1.033693518,
2252.705590498, 1.032913371,
2252.726022168, 1.019060691,
2252.746454038, 1.013198122,
2252.787317476, 1.025277907,
2252.807749345, 1.038115638,
2252.828181114, 1.029089005,
2252.848612982, 1.019796373,
2252.869044650, 1.036136631,
2252.889476417, 1.028423040,
2252.909908284, 1.047468403,
2252.930339951, 1.031841833,
2252.950771718, 1.037425765,
2252.971203584, 1.032559643,
2252.991635250, 1.040938031,
2253.012067016, 1.012525763,
2253.032498881, 1.034927428,
2253.052930646, 1.035825982,
2253.073362311, 1.020217494,
2253.093794175, 1.010153883,
2253.114225939, 1.026963241,
2253.134657603, 1.024832828,
2253.155089466, 1.025019584,
2253.175521229, 1.043985268,
2253.195952892, 1.050478020,
2253.216384754, 1.036958102,
2253.236816516, 1.015111788,
2253.277680040, 1.042947051,
2253.298111801, 1.038549959,
2253.318543462, 1.048086059,
2253.338975323, 1.029879220,
2253.359407083, 1.029622947,
2253.379838843, 1.030045648,
2253.400270602, 1.035379715,
2253.420702362, 1.036719231,
2253.441134121, 1.030455065,
2253.461565880, 1.055520687,
2253.481997638, 1.024155739,
2253.502429396, 1.029545187,
2253.522861154, 1.004008895,
2253.543292912, 1.021191901,
2253.563724769, 1.032519854,
2253.584156426, 1.035121546,
2253.604588182, 1.020274504,
2253.625020038, 1.035690663,
2253.645451694, 1.030017712,
2253.665883450, 1.045392721,
2253.686315305, 0.992247045,
2253.706746960, 1.045878496,
2253.727178715, 1.024955209,
2253.768042224, 1.031084200,
2253.788473977, 1.040771555,
2253.808905831, 1.042922773,
2253.829337484, 1.020931604,
2253.849769237, 1.031222635,
2253.870201090, 1.044478472,
2253.890632842, 1.032909294,
2253.911064594, 1.028157654,
2253.931496346, 1.029746691,
2253.972359848, 1.019401721,
2253.992791599, 1.020848945,
2254.013223349, 1.031936419,
2254.054086849, 1.027857746,
2254.074518599, 1.039104293,
2254.094950348, 1.038860249,
2254.115382097, 1.040544597,
2254.156245594, 1.024711585,
2254.176677342, 1.028912456,
2254.197108990, 1.015865675,
2254.217540837, 1.002577941,
2254.258404331, 1.022163634,
2254.278836078, 1.029466674,
2254.299267824, 1.027221540,
2254.319699570, 1.020069669,
2254.340131316, 1.030431442,
2254.360563061, 1.008662995,
2254.380994806, 1.030005777,
2254.401426651, 1.021864599,
2254.421858295, 1.072373411,
2254.442290139, 1.043915476,
2254.462721883, 1.040513434,
2254.483153527, 1.018090926,
2254.503585370, 1.019721093,
2254.524017113, 1.025780246,
2254.544448756, 1.047707781,
2254.564880598, 1.043546845,
2254.585312340, 1.024870652,
2254.605743982, 1.038299724,
2254.626175823, 1.023895045,
2254.646607565, 1.015446411,
2254.667039205, 1.042741074,
2254.687471046, 1.006371226,
2254.707902786, 1.036135305,
2254.748766266, 1.027520501,
2254.769198005, 1.011650421,
2254.789629744, 1.044355539,
2254.810061483, 1.040379489,
2254.830493222, 1.035035174,
2254.850924960, 1.029099152,
2254.871356698, 1.030805127,
2254.891788436, 1.053792540,
2254.912220173, 1.036973584,
2254.932651910, 1.013052535,
2254.953083647, 1.031034327,
2254.993947120, 1.031802374,
2255.014378856, 1.037048192,
2255.034810691, 1.057995860,
2255.055242327, 1.026443125,
2255.075674062, 1.031228256,
2255.096105896, 1.028401258,
2255.116537531, 1.036956389,
2255.136969265, 1.024754502,
2255.157401099, 1.028399807,
2255.177832733, 1.037728379,
2255.198264466, 1.022113509,
2255.218696299, 1.063719988,
2255.239128032, 0.998687233,
2255.279991496, 1.039639605,
2255.300423228, 1.019584465,
2255.320854860, 1.044817822,
2255.341286691, 1.038989706,
2255.361718422, 1.041264278,
2255.382150053, 1.053435562,
2255.402581883, 1.026538537,
2255.423013613, 1.038260147,
2255.443445443, 1.066065385,
2255.484308802, 1.049109489,
2255.504740531, 1.024986849,
2255.525172260, 1.043772712,
2255.545603988, 1.034685815,
2255.566035716, 1.053189330,
2255.586467444, 1.067159110,
2255.606899171, 1.029045286,
2255.627330899, 1.029480104,
2255.647762626, 1.025604587,
2255.668194353, 1.034736945,
2255.688626079, 1.025817410,
2255.709057805, 1.040694689,
2255.729489531, 1.044775278,
2255.749921257, 1.043268029,
2255.790784707, 1.046996584,
2255.811216532, 1.048415376,
2255.831648156, 1.010557668,
2255.852079880, 1.039999193,
2255.872511704, 1.034747021,
2255.892943328, 1.037991928,
2255.913375151, 1.048322554,
2255.933806874, 1.070759031,
2255.974670320, 1.053771638,
2255.995102042, 1.081084610,
2256.015533664, 1.041265364,
2256.035965486, 1.048891372,
2256.056397207, 1.027274156,
2256.076828928, 1.061552770,
2256.097260649, 1.047753410,
2256.117692370, 1.016758402,
2256.138124090, 1.031401830,
2256.158555810, 1.059850160,
2256.178987530, 1.004733940,
2256.240282687, 1.027385006,
2256.260714406, 1.020713609,
2256.281146124, 1.092301029,
2256.301577842, 1.036887258,
2256.322009560, 1.044098693,
2256.342441277, 1.036982109,
2256.362872995, 1.088135210,
2256.383304812, 1.027595847,
2256.403736429, 1.020569179,
2256.424168145, 1.033572465,
2256.444599961, 1.036400204,
2256.465031577, 1.036507811,
2256.485463293, 1.030044388,
2256.505895108, 1.048204353,
2256.526326723, 1.030362285,
2256.546758438, 1.057988082,
2256.567190252, 1.047615883,
2256.587621867, 1.043061592,
2256.608053580, 1.047594644,
2256.628485394, 1.031868295,
2256.648917108, 1.029929345,
2256.669348721, 1.058377294,
2256.689780534, 1.025352127,
2256.710212246, 1.031413685,
2256.730643859, 1.051790401,
2256.751075671, 1.018356364,
2256.771507383, 1.051093517,
2256.791938994, 1.026414192,
2256.812370805, 1.010027089,
2256.832802516, 1.028135835,
2256.853234327, 1.034520988,
2256.873665938, 1.033563376,
2256.894097648, 1.022564958,
2256.914529458, 0.995229296,
2256.955392777, 1.049709839,
2256.975824586, 1.024681974,
2256.996256195, 1.038020251,
2257.016687903, 1.037544530,
2257.037119612, 1.043343798,
2257.057551320, 1.020027478,
2257.077983028, 1.038554717,
2257.098414735, 1.022057207,
2257.118846443, 1.038587418,
2257.139278149, 1.040543544,
2257.159709956, 1.043511245,
2257.180141563, 1.048952564,
2257.200573269, 1.048909347,
2257.221005075, 1.038569207,
2257.241436681, 1.034023134,
2257.261868386, 1.011456982,
2257.282300191, 1.030148531,
2257.302731796, 1.034973950,
2257.323163601, 1.035270508,
2257.343595305, 1.040646654,
2257.364026909, 1.050801710,
2257.384458713, 1.048942011,
2257.404890417, 1.061650460,
2257.425322020, 1.046225113,
2257.445753823, 1.036495877,
2257.466185526, 1.073521319,
2257.486617228, 1.047280738,
2257.507048931, 1.032214142,
2257.527480633, 1.025394198,
2257.547912334, 1.030132868,
2257.568344136, 1.039826009,
2257.588775737, 1.052121516,
2257.609207438, 1.042743458,
2257.629639239, 1.044483335,
2257.650070839, 1.042650845,
2257.690934340, 1.040603527,
2257.711365939, 1.048385657,
2257.731797639, 1.033451820,
2257.752229338, 1.022750788,
2257.772661037, 1.048708799,
2257.793092835, 1.053037048,
2257.813524434, 1.025838208,
2257.833956132, 1.032261935,
2257.854387930, 1.043411689,
2257.874819528, 1.019550221,
2257.895251225, 1.029212512,
2257.915683022, 1.034736223,
2257.936114619, 1.045630492,
2257.956546315, 1.042991099,
2257.976978112, 1.056821014,
2257.997409808, 1.050807818,
2258.017841404, 1.039557924,
2258.038273199, 1.047090223,
2258.058704895, 1.049077130,
2258.079136490, 1.021889996,
2258.099568285, 1.031331268,
2258.119999979, 1.016259255,
2258.140431574, 1.015533292,
2258.181295062, 1.028063907,
2258.201726655, 1.046712176,
2258.222158449, 1.151366187,
2258.242590141, 1.038091546,
2258.263021934, 1.035166158,
2258.283453527, 1.067582130,
2258.303885219, 1.030989703,
2258.324317011, 1.039000838,
2258.344748603, 1.029039647,
2258.365180295, 1.052742736,
2258.385612086, 1.037247066,
2258.426475368, 1.055589158,
2258.446907158, 1.039420319,
2258.467338849, 1.043894931,
2258.487770439, 1.041280943,
2258.508202229, 1.046041201,
2258.528633818, 1.037914268,
2258.549065508, 1.047452797,
2258.569497297, 1.045499151,
2258.589928886, 1.035482405,
2258.610360574, 1.031758269,
2258.630792362, 1.034074894,
2258.651223951, 1.055346341,
2258.671655638, 1.037624348,
2258.692087426, 1.019490827,
2258.712519014, 1.030547594,
2258.732950801, 1.060794194,
2258.753382487, 1.029930656,
2258.773814074, 1.027587685,
2258.794245860, 1.032368180,
2258.814677546, 1.033932732,
2258.835109232, 1.032923453,
2258.855540918, 1.017945186,
2258.875972603, 1.013403987,
2258.916835974, 1.046165131,
2258.937267658, 1.044476052,
2258.957699343, 1.038394000,
2258.978131127, 1.026952013,
2258.998562711, 1.044762938,
2259.018994395, 1.036841586,
2259.039426178, 1.048658630,
2259.059857761, 1.027715868,
2259.080289444, 1.161680223,
2259.100721227, 1.042847548,
2259.141584492, 1.034882611,
2259.162016274, 1.036276836,
2259.182447856, 1.028477618,
2259.202879637, 1.025872559,
2259.223311319, 1.034646993,
2259.243742900, 1.047512627,
2259.264174680, 1.049290549,
2259.284606261, 1.038520347,
2259.305037941, 1.054858895,
2259.325469722, 1.040021000,
2259.345901401, 1.050156844,
2259.366332981, 1.020045506,
2259.386764760, 1.048918566,
2259.407196440, 1.065469885,
2259.427628018, 1.041107967,
2259.448059797, 1.038781335,
2259.468491476, 1.071128162,
2259.488923054, 1.031974018,
2259.509354832, 1.034170741,
2259.529786510, 1.043892974,
2259.550218087, 1.034173286,
2259.570649864, 1.047825336,
2259.591081541, 1.029603990,
2259.611513318, 1.047683921,
2259.652376571, 1.044945532,
2259.672808347, 1.041757211,
2259.693239923, 1.047018934,
2259.713671599, 1.044047986,
2259.734103374, 1.039000715,
2259.754534949, 1.043165879,
2259.774966624, 1.031323225,
2259.795398399, 1.041804399,
2259.815830074, 1.035537139,
2259.836261648, 1.047712747,
2259.856693422, 1.025408811,
2259.877125096, 1.045994407,
2259.897556669, 1.014576307,
2259.917988443, 1.034230866,
2259.938420116, 1.052277726,
2259.958851689, 1.036889579,
2259.979283461, 1.046965380,
2260.020146706, 1.021216627,
2260.040578478, 1.037338242,
2260.061010049, 1.036064333,
2260.081441821, 1.059717085,
2260.101873492, 1.027274930,
2260.142736834, 1.031509612,
2260.163168505, 1.036423049,
2260.183600175, 1.037564008,
2260.224463515, 1.017267393,
2260.244895185, 1.037147564,
2260.265326854, 1.000107048,
2260.285758523, 1.050297993,
2260.306190192, 1.040524771,
2260.326621961, 1.036773606,
2260.347053530, 1.045753559,
2260.367485198, 1.087009362,
2260.387916966, 1.041603733,
2260.408348534, 1.051393561,
2260.428780201, 1.050186356,
2260.449211969, 1.011302214,
2260.469643536, 1.026871092,
2260.490075203, 1.051081980,
2260.510506970, 1.032426854,
2260.530938536, 1.024484493,
2260.551370303, 1.011288006,
2260.571801969, 1.034273164,
2260.592233535, 1.034533909,
2260.612665300, 1.033389832,
2260.633096966, 1.023674131,
2260.653528631, 1.021195663,
2260.673960296, 1.028962774,
2260.714823625, 1.023805507,
2260.735255290, 1.019318611,
2260.755686954, 1.044770870,
2260.776118517, 1.052213417,
2260.796550281, 1.035928836,
2260.816981944, 1.019355397,
2260.837413508, 1.044989813,
2260.878276933, 1.033904744,
2260.898708496, 1.049133735,
2260.919140258, 1.034011964,
2260.939571921, 1.049096502,
2260.960003483, 1.031066746,
2260.980435244, 1.026511316,
2261.000866906, 1.060403967,
2261.021298667, 1.030946138,
2261.041730228, 1.031483154,
2261.062161889, 1.048414243,
2261.082593649, 1.033087075,
2261.103025210, 1.034383858,
2261.123456870, 1.035658207,
2261.143888630, 1.032795906,
2261.164320290, 1.053999315,
2261.184751849, 1.047397172,
2261.205183609, 1.022723026,
2261.225615268, 1.033302577,
2261.246046827, 1.043227861,
2261.266478585, 1.011247736,
2261.286910244, 1.033103221,
2261.307341802, 1.027682890,
2261.327773560, 1.017477035,
2261.348205218, 1.061501678,
2261.368636775, 1.026734919,
2261.389068533, 1.056343033,
2261.409500090, 1.054659605,
2261.429931847, 1.045666342,
2261.450363504, 1.015664364,
2261.470795060, 1.035631252,
2261.491226817, 1.052616609,
2261.511658473, 1.055620609,
2261.532090129, 1.030052165,
2261.552521784, 1.027661288,
2261.572953440, 1.028005676,
2261.593385095, 1.005294840,
2261.613816750, 1.039511501,
2261.634248405, 1.051535143,
2261.654680060, 1.035725611,
2261.675111814, 1.029413781,
2261.695543368, 1.059428388,
2261.715975023, 1.047404799,
2261.736406776, 1.030569243,
2261.756838330, 1.019887982,
2261.777269983, 1.058262453,
2261.797701737, 1.048175094,
2261.818133290, 1.031404151,
2261.858996695, 1.021176098,
2261.879428247, 1.041294248,
2261.899860000, 1.051846806,
2261.920291651, 1.032341815,
2261.940723203, 1.053227562,
2261.961154955, 1.050845449,
2261.981586606, 1.029421682,
2262.002018257, 1.044350736,
2262.022449908, 1.052284628,
2262.042881559, 1.043224071,
2262.063313210, 1.036122360,
2262.104176510, 1.031672652,
2262.124608160, 1.051336228,
2262.145039810, 1.047238611,
2262.165471459, 1.046255030,
2262.185903009, 1.047480233,
2262.206334758, 1.043025197,
2262.226766407, 1.047886378,
2262.247198155, 1.049570523,
2262.267629704, 1.049110858,
2262.288061352, 1.033158688,
2262.308493100, 1.030816867,
2262.328924648, 1.033860337,
2262.349356296, 1.036075496,
2262.369788044, 1.036266280,
2262.390219591, 1.053051062,
2262.410651238, 1.042586875,
2262.431082985, 1.036403636,
2262.451514532, 1.047865697,
2262.471946178, 1.043356875,
2262.492377924, 1.039985363,
2262.512809571, 1.019098730,
2262.533241116, 1.060323412,
2262.553672862, 1.049474067,
2262.574104508, 1.024768104,
2262.594536053, 1.052353568,
2262.614967798, 1.042961304,
2262.635399443, 1.037519716,
2262.655831088, 1.055779763,
2262.676262733, 1.057994803,
2262.696694377, 1.039498798,
2262.717126121, 1.057677457,
2262.737557665, 1.033165438,
2262.757989309, 1.041649406,
2262.778420952, 1.031385759,
2262.798852596, 1.046173443,
2262.819284239, 1.054255251,
2262.839715882, 1.043664627,
2262.860147525, 1.043522080,
2262.880579167, 1.051466430,
2262.901010810, 1.067500951,
2262.921442452, 1.040559765,
2262.941874094, 1.035129861,
2262.962305736, 1.041759238,
2262.982737377, 1.041041136,
2263.003169019, 1.039571626,
2263.023600660, 1.057840288,
2263.044032301, 1.050204838,
2263.064464042, 1.032901864,
2263.084895683, 1.054644579,
2263.105327223, 1.048525620,
2263.125758964, 1.037646591,
2263.166622144, 1.082712599,
2263.187053883, 1.040999206,
2263.207485523, 1.070884445,
2263.227917062, 1.020297353,
2263.248348801, 1.053986476,
2263.268780440, 1.066574413,
2263.289211979, 1.059727735,
2263.309643718, 1.051275531,
2263.330075356, 1.063606486,
2263.350506994, 1.039069569,
2263.370938632, 1.062349417,
2263.391370270, 1.020523975,
2263.411801908, 1.034399227,
2263.432233545, 1.038601389,
2263.452665183, 1.035607444,
2263.473096920, 1.059839338,
2263.493528457, 1.055914161,
2263.513960093, 1.056989378,
2263.534391830, 1.018716854,
2263.575255003, 1.063825928,
2263.595686739, 1.083753744,
2263.616118274, 1.048053324,
2263.656981645, 1.054146438,
2263.677413181, 1.049737297,
2263.718276551, 1.051695479,
2263.738708085, 1.046125382,
2263.759139720, 1.050684965,
2263.779571454, 1.060599799,
2263.800002988, 1.057636941,
2263.820434722, 1.068278567,
2263.840866356, 1.048032764,
2263.861297890, 1.058018412,
2263.881729623, 1.031952298,
2263.902161256, 1.044066793,
2263.922592889, 1.050175397,
2263.943024523, 1.056132542,
2263.963456155, 1.026274383,
2263.983887788, 1.044377509,
2264.004319520, 1.047718936,
2264.024751052, 1.054516880,
2264.065614416, 1.047647949,
2264.086045948, 1.058325425,
2264.106477579, 1.046393723,
2264.126909310, 1.067564458,
2264.147340842, 1.051552025,
2264.167772473, 1.056765174,
2264.188204203, 1.051103898,
2264.208635734, 1.049540941,
2264.229067464, 1.048324014,
2264.249499094, 1.048627638,
2264.269930625, 1.049816586,
2264.290362355, 1.050769237,
2264.310793884, 1.046052295,
2264.331225514, 1.054852252,
2264.351657243, 1.031351728,
2264.372088772, 1.048220885,
2264.392520401, 1.047369185,
2264.412952130, 1.050507098,
2264.433383759, 1.059283447,
2264.453815287, 1.053789827,
2264.474247016, 1.059578574,
2264.494678644, 1.059256339,
2264.515110172, 1.046321482,
2264.535541899, 1.055569570,
2264.555973527, 1.067612150,
2264.576405055, 1.048297941,
2264.596836782, 1.042797586,
2264.617268409, 1.055662390,
2264.637700136, 1.053560209,
2264.658131663, 1.032297283,
2264.678563289, 1.063851150,
2264.698995016, 1.046477462,
2264.719426542, 1.050655787,
2264.739858168, 1.049751838,
2264.760289894, 1.050458911,
2264.780721420, 1.063611849,
2264.801153045, 1.048340707,
2264.821584771, 1.058142662,
2264.842016396, 1.061041687,
2264.862447921, 1.056799122,
2264.882879646, 1.047372033,
2264.903311270, 1.029162372,
2264.923742795, 1.062226534,
2264.944174519, 1.053036737,
2264.964606144, 1.056641400,
2264.985037768, 1.070748212,
2265.005469392, 1.057003354,
2265.025900915, 1.039254876,
2265.046332639, 1.038657396,
2265.066764262, 1.062345158,
2265.087195786, 1.047185531,
2265.107627509, 1.063401835,
2265.128059131, 1.056297597,
2265.148490654, 1.067563954,
2265.168922377, 1.063645284,
2265.189353999, 1.056986753,
2265.209785521, 1.048790440,
2265.230217244, 1.071311771,
2265.271080487, 1.051353638,
2265.291512109, 1.071427133,
2265.311943730, 1.051121867,
2265.332375351, 1.058740001,
2265.352806972, 1.061474243,
2265.373238593, 1.052670605,
2265.393670314, 1.057421515,
2265.414101935, 1.068005296,
2265.434533455, 1.067603195,
2265.454965176, 1.053332860,
2265.475396796, 1.052208475,
2265.495828316, 1.060012609,
2265.516260036, 1.064765714,
2265.536691655, 1.058608369,
2265.557123175, 1.051918878,
2265.577554894, 1.067607640,
2265.597986513, 1.056303812,
2265.618418032, 1.056019385,
2265.638849751, 1.067481018,
2265.659281370, 1.054904971,
2265.679712988, 1.067447371,
2265.700144607, 1.043243703,
2265.720576225, 1.062061073,
2265.741007843, 1.061271702,
2265.761439461, 1.062954422,
2265.781871079, 1.055667828,
2265.802302696, 1.072891328,
2265.822734314, 1.050526038,
2265.843165931, 1.037429144,
2265.884029165, 1.076926132,
2265.904460782, 1.049306634,
2265.924892498, 1.050517475,
2265.945324015, 1.089756302,
2265.965755631, 1.073642087,
2265.986187348, 1.062730582,
2266.047482195, 1.063240335,
2266.067913711, 1.080519336,
2266.108777042, 1.053473208,
2266.129208557, 1.065110834,
2266.149640272, 1.046228004,
2266.170071886, 1.069078934,
2266.190503401, 1.060155891,
2266.210935116, 1.072056416,
2266.231366730, 1.072084215,
2266.251798344, 1.060710317,
2266.272229958, 1.091456788,
2266.313093186, 1.118605860,
2266.333524800, 1.052721362,
2266.353956413, 1.059358551,
2266.374388026, 1.062690194,
2266.394819639, 1.053704454,
2266.415251252, 1.119418939,
2266.435682865, 1.065447964,
2266.456114478, 1.070399299,
2266.476546091, 1.066960143,
2266.496977703, 1.071909236,
2266.517409315, 1.086796943,
2266.537840927, 1.068230863,
2266.558272639, 1.065333328,
2266.578704151, 1.060075081,
2266.599135763, 1.064625532,
2266.619567475, 1.071506273,
2266.639998986, 1.075795163,
2266.660430597, 1.074953857,
2266.680862308, 1.065605282,
2266.701293819, 1.035507049,
2266.721725430, 1.043184902,
2266.762588751, 1.064949249,
2266.783020262, 1.065707091,
2266.803451972, 1.062003758,
2266.823883582, 1.053547300,
2266.844315092, 1.066515907,
2266.864746802, 1.063725966,
2266.885178411, 1.060684309,
2266.905610121, 1.056006027,
2266.926041630, 1.060175727,
2266.946473240, 1.073753998,
2266.966904949, 1.041995418,
2266.987336458, 1.075637043,
2267.028199775, 1.057263417,
2267.048631284, 1.057507364,
2267.069062892, 1.075746403,
2267.089494600, 1.060881531,
2267.109926108, 1.074734408,
2267.130357716, 1.080579946,
2267.150789424, 1.077906032,
2267.171220932, 1.048212627,
2267.191652539, 1.072934494,
2267.212084147, 1.060912597,
2267.232515754, 1.055380819,
2267.252947461, 1.083421210,
2267.273379068, 1.065463638,
2267.293810575, 1.066680211,
2267.314242282, 1.056565048,
2267.334673888, 1.067814561,
2267.355105395, 1.065020550,
2267.375537101, 1.066645187,
2267.395968707, 1.063019716,
2267.416400213, 1.057118348,
2267.436831919, 1.095604726,
2267.457263525, 1.048495557,
2267.477695031, 1.058149753,
2267.498126736, 1.068820738,
2267.518558342, 1.067502893,
2267.538989847, 1.064871222,
2267.559421552, 1.063986707,
2267.579853157, 1.063935688,
2267.600284862, 1.054896145,
2267.620716366, 1.055220572,
2267.641147971, 1.078204435,
2267.661579676, 1.079797191,
2267.682011180, 1.062993802,
2267.702442784, 1.059659054,
2267.722874488, 1.042316816,
2267.743306092, 1.069479967,
2267.763737596, 1.077382956,
2267.784169299, 1.062751965,
2267.804600903, 0.997436689,
2267.825032406, 1.036218902,
2267.845464109, 1.059221949,
2267.865895713, 1.061304373,
2267.886327216, 1.063872662,
2267.906758918, 1.073209102,
2267.927190421, 1.067282323,
2267.947622024, 1.085374210,
2267.988485229, 1.074514392,
2268.008916931, 1.061179331,
2268.029348533, 1.048099095,
2268.049780035, 1.051552247,
2268.070211737, 1.066975207,
2268.090643338, 1.057057268,
2268.111074940, 1.063170042,
2268.131506541, 1.067596296,
2268.151938143, 1.058558249,
2268.172369744, 1.049090952,
2268.192801345, 1.051818159,
2268.213232946, 1.042845247,
2268.233664547, 1.065102967,
2268.254096147, 1.062841583,
2268.274527748, 1.066588668,
2268.294959348, 1.058288457,
2268.315391049, 1.054487580,
2268.335822549, 1.059701441,
2268.356254249, 1.058607786,
2268.376685849, 1.073272306,
2268.397117349, 1.055654118,
2268.417549048, 1.061898293,
2268.437980648, 1.043105510,
2268.458412147, 1.061397755,
2268.478843847, 1.064560477,
2268.499275446, 1.065775145,
2268.519706945, 1.057716160,
2268.540138644, 1.098823392,
2268.560570243, 1.052410623,
2268.581001841, 1.027250386,
2268.601433440, 1.056086209,
2268.621865038, 1.057401515,
2268.642296537, 1.044379813,
2268.662728235, 1.054115406,
2268.683159833, 1.083808111,
2268.724023029, 1.064467409,
2268.744454627, 1.072138093,
2268.764886324, 1.068345921,
2268.785317822, 1.061724944,
2268.805749419, 1.066061678,
2268.826181116, 1.053751020,
2268.846612614, 1.061480926,
2268.867044211, 1.048137608,
2268.887475908, 1.081607132,
2268.907907404, 1.067732639,
2268.928339001, 1.045838385,
2268.948770698, 1.043563826,
2268.969202194, 1.077705983,
2268.989633790, 1.066154073,
2269.030496983, 1.050012247,
2269.050928679, 1.061690419,
2269.071360275, 1.055427988,
2269.091791770, 1.051322480,
2269.112223466, 1.073485621,
2269.132655062, 1.054069310,
2269.153086657, 1.071593227,
2269.173518252, 1.053965219,
2269.193949848, 1.059019216,
2269.214381442, 1.063046695,
2269.234813137, 1.046053229,
2269.255244632, 1.047987750,
2269.275676227, 1.049963855,
2269.296107822, 1.074737821,
2269.316539416, 1.040874406,
2269.336971111, 1.070480374,
2269.357402605, 1.073995827,
2269.377834199, 1.085091254,
2269.398265893, 1.065220550,
2269.418697387, 1.071840518,
2269.439128981, 1.093813700,
2269.459560675, 1.062365811,
2269.479992168, 1.060328309,
2269.500423762, 1.067499319,
2269.520855455, 1.041536645,
2269.541286949, 1.039388824,
2269.561718542, 1.063083039,
2269.582150235, 1.072973263,
2269.602581828, 1.056551496,
2269.623013321, 1.059131648,
2269.643445013, 1.058917019,
2269.663876606, 1.069288109,
2269.684308199, 1.036831518,
2269.704739791, 1.077346263,
2269.745603076, 1.070810357,
2269.766034568, 1.053045569,
2269.786466160, 1.088372651,
2269.806897852, 1.075148325,
2269.827329343, 1.063899302,
2269.847760935, 1.072500790,
2269.868192627, 1.058370402,
2269.888624118, 1.062367798,
2269.909055709, 1.056643054,
2269.949918892, 1.077694913,
2269.970350483, 1.075438496,
2269.990782174, 1.073192491,
2270.011213665, 1.076926458,
2270.031645355, 1.072420729,
2270.052076846, 1.073237280,
2270.072508437, 1.074793079,
2270.092940127, 1.082338694,
2270.113371617, 1.061864526,
2270.133803208, 1.069133941,
2270.154234898, 1.066315081,
2270.174666488, 1.077410066,
2270.195097978, 1.082946900,
2270.215529668, 1.085535627,
2270.235961257, 1.060950360,
2270.256392747, 1.079909881,
2270.276824437, 1.084355803,
2270.297256026, 1.063604946,
2270.317687715, 1.051397130,
2270.338119205, 1.064174707,
2270.358550794, 1.069467444,
2270.378982483, 1.069937181,
2270.399413972, 1.091403780,
2270.419845561, 1.094687435,
2270.440277249, 1.076452792,
2270.460708738, 1.087260523,
2270.481140327, 1.047487828,
2270.501572015, 1.078263751,
2270.522003503, 1.068197255,
2270.542435092, 1.078520271,
2270.562866780, 1.070582209,
2270.583298368, 1.070479197,
2270.603729856, 1.093280406,
2270.624161544, 1.074144437,
2270.644593132, 1.057067177,
2270.665024719, 1.079857563,
2270.685456307, 1.073178094,
2270.705887894, 1.065832005,
2270.726319482, 1.074582984,
2270.746751069, 1.069309836,
2270.767182656, 1.067149144,
2270.787614243, 1.086212994,
2270.808045830, 1.062572575,
2270.828477317, 1.067090530,
2270.848909004, 1.071156546,
2270.869340591, 1.090453556,
2270.889772078, 1.073186166,
2270.910203764, 1.072736343,
2270.930635351, 1.075714291,
2270.951066837, 1.070210010,
2270.971498523, 1.078577806,
2270.991930109, 1.069355281,
2271.012361796, 1.081786779,
2271.032793282, 1.083558952,
2271.053224868, 1.086584399,
2271.073656553, 1.062530599,
2271.094088039, 1.098139930,
2271.114519625, 1.074346532,
2271.134951310, 1.061219170,
2271.155382896, 1.076237976,
2271.175814381, 1.084054442,
2271.196246067, 1.945659275,
2271.216677652, 1.089334254,
2271.237109137, 1.086046781,
2271.257540822, 1.080216234,
2271.277972407, 1.087696790,
2271.298404092, 1.074261704,
2271.318835577, 1.072752873,
2271.339267161, 1.033690488,
2271.359698846, 1.047147823,
2271.380130330, 1.085223025,
2271.400561915, 1.055573429,
2271.420993499, 1.063573748,
2271.441425084, 1.055005492,
2271.461856568, 1.065964211,
2271.482288252, 1.078983321,
2271.502719836, 1.068963435,
2271.523151420, 1.059144228,
2271.543583004, 1.047763415,
2271.564014587, 1.071295512,
2271.584446171, 1.063734898,
2271.604877755, 1.086714797,
2271.625309338, 1.071211588,
2271.645741022, 1.036229853,
2271.666172605, 1.045036751,
2271.686604088, 1.037846959,
2271.707035771, 1.050167835,
2271.727467354, 1.087374320,
2271.747898838, 1.055117719,
2271.768330520, 1.064139329,
2271.788762103, 1.044204297,
2271.809193586, 1.056481339,
2271.829625269, 1.032790487,
2271.850056851, 1.024496447,
2271.870488334, 1.006412339,
2271.911351599, 1.032595381,
2271.931783281, 1.037452256,
2271.952214763, 1.041620803,
2271.972646346, 1.039123261,
2271.993078028, 1.037368562,
2272.013509510, 1.021028649,
2272.033941091, 1.019332245,
2272.054372773, 1.018231407,
2272.074804255, 1.040236066,
2272.095235837, 1.031113877,
2272.115667418, 1.039729597,
2272.136099100, 1.042030669,
2272.156530581, 1.050465327,
2272.176962263, 1.028862535,
2272.197393744, 1.044317407,
2272.217825325, 1.040711068,
2272.238257006, 1.040539312,
2272.258688487, 1.043474540,
2272.279120168, 1.047833471,
2272.299551749, 1.042745978,
2272.319983230, 1.033826813,
2272.340414911, 1.028834010,
2272.360846492, 1.049511053,
2272.381277972, 1.050380250,
2272.401709653, 1.033651692,
2272.422141233, 1.033124991,
2272.442572714, 1.048950394,
2272.463004394, 1.038652949,
2272.483435975, 1.052576745,
2272.503867555, 1.025942439,
2272.524299135, 1.053984527,
2272.544730715, 1.040658935,
2272.565162395, 1.026029593,
2272.585593875, 1.046853434,
2272.606025455, 1.054485799,
2272.626457134, 1.036885695,
2272.646888714, 1.057505959,
2272.667320194, 1.023006881,
2272.687751873, 1.028577186,
2272.708183453, 1.058118375,
2272.728614932, 1.032388169,
2272.749046612, 1.054607787,
2272.769478191, 1.044667594,
2272.789909670, 1.029388842,
2272.810341349, 1.029439934,
2272.830772828, 1.062534278,
2272.851204507, 1.045363626,
2272.871636086, 1.032884303,
2272.892067665, 1.051020063,
2272.912499244, 1.044836995,
2272.932930823, 1.036723876,
2272.953362301, 1.038787913,
2272.973793980, 1.021202643,
2272.994225559, 1.039228204,
2273.014657037, 1.062888718,
2273.035088716, 1.066995577,
2273.055520294, 1.038116402,
2273.075951872, 1.020571540,
2273.096383450, 1.014033891,
2273.116815029, 1.027043927,
2273.137246607, 1.026451347,
2273.157678285, 1.024119419,
2273.178109763, 1.048072285,
2273.198541441, 1.062318507,
2273.218973018, 1.030631449,
2273.239404496, 1.035354050,
2273.259836174, 1.018514285,
2273.280267752, 1.043956785,
2273.300699229, 1.027735994,
2273.321130907, 1.036137304,
2273.341562484, 1.024160698,
2273.361993962, 1.044663190,
2273.382425639, 1.045700950,
2273.402857216, 1.032819367,
2273.423288694, 1.033008548,
2273.443720371, 1.037665111,
2273.464151948, 1.050277367,
2273.484583625, 1.065011783,
2273.505015102, 1.042272577,
2273.525446679, 1.051756434,
2273.545878356, 1.031393331,
2273.566309833, 1.050573387,
2273.586741409, 1.048961483,
2273.607172986, 1.057575174,
2273.627604563, 1.042691427,
2273.648036139, 1.031158085,
2273.668467816, 1.044006317,
2273.688899292, 1.043377644,
2273.709330869, 1.037629975,
2273.729762545, 1.048833156,
2273.750194021, 1.045863454,
2273.770625698, 1.042461006,
2273.791057274, 1.032905839,
2273.811488750, 1.049692289,
2273.872783478, 1.037354006,
2273.893215154, 1.036840840,
2273.913646730, 1.039365239,
2273.934078206, 1.055964119,
2273.954509882, 1.053021793,
2273.974941457, 1.040587316,
2273.995373033, 1.066845411,
2274.015804608, 1.036716510,
2274.036236184, 1.047281308,
2274.056667860, 1.048938655,
2274.077099335, 1.043705212,
2274.097530910, 1.051016116,
2274.117962586, 1.032234046,
2274.138394161, 1.064223372,
2274.158825636, 1.051705017,
2274.179257312, 1.054594342,
2274.199688887, 1.070832134,
2274.220120362, 1.049090835,
2274.240552037, 1.048626719,
2274.260983612, 1.043691846,
2274.281415087, 1.049937969,
2274.301846762, 1.070511188,
2274.363141486, 1.047468292,
2274.383572961, 1.045270316,
2274.404004635, 1.016491267,
2274.424436210, 1.064270324,
2274.444867685, 1.052904681,
2274.465299359, 1.046063912,
2274.485730934, 1.052991438,
2274.506162508, 1.046715274,
2274.526594082, 1.047039267,
2274.547025657, 1.039154208,
2274.567457231, 1.050410383,
2274.587888805, 1.064852425,
2274.608320379, 1.073340177,
2274.628752054, 1.061419722,
2274.649183528, 1.039988908,
2274.669615102, 1.046823129,
2274.690046776, 1.060510124,
2274.710478350, 1.050121899,
2274.730909824, 1.052725482,
2274.751341497, 1.057529108,
2274.771773071, 1.057797157,
2274.792204545, 1.042232179,
2274.812636219, 1.062023273,
2274.833067793, 1.052721309,
2274.853499266, 1.060011767,
2274.873930940, 1.050719272,
2274.894362514, 1.052346971,
2274.914794187, 1.059073247,
2274.935225661, 1.052770209,
2274.955657234, 1.057158377,
2274.976088807, 1.058991818,
2274.996520381, 1.057522144,
2275.016951854, 1.053600718,
2275.037383528, 1.057865004,
2275.057815101, 1.052662505,
2275.098678247, 1.068735119,
2275.119109820, 1.057409828,
2275.139541393, 1.066280676,
2275.159972967, 1.051770728,
2275.180404540, 1.123247650,
2275.200836213, 1.040326132,
2275.221267785, 1.060282315,
2275.241699258, 1.051886828,
2275.262130931, 1.046651015,
2275.282562504, 1.057959360,
2275.302993977, 1.084381234,
2275.323425650, 1.063402584,
2275.343857223, 1.055199731,
2275.364288695, 1.066320295,
2275.384720368, 1.060650325,
2275.405151941, 1.070777003,
2275.425583613, 1.057472860,
2275.446015086, 1.060146239,
2275.466446658, 1.055361135,
2275.486878331, 1.100689366,
2275.507309803, 1.059306854,
2275.527741376, 1.065596774,
2275.548173048, 1.083060306,
2275.589036093, 1.064670357,
2275.609467665, 1.071254135,
2275.629899237, 1.042089473,
2275.650330809, 1.050425565,
2275.670762382, 1.061920025,
2275.691193954, 1.043125896,
2275.711625626, 1.072242819,
2275.732057198, 1.058598525,
2275.752488670, 1.056243526,
2275.772920342, 1.057332707,
2275.793351914, 1.051728464,
2275.854646630, 1.061418972,
2275.895509774, 1.057141741,
2275.915941346, 1.057016052,
2275.936372818, 1.061890964,
2275.956804489, 1.050790254,
2275.977236061, 1.076504676,
2275.997667733, 1.059872253,
2276.018099205, 1.065489856,
2276.038530776, 1.084602123,
2276.079393920, 1.052819536,
2276.099825491, 1.074491308,
2276.120257163, 1.051760101,
2276.140688634, 1.057782972,
2276.161120206, 1.057515915,
2276.181551877, 1.061076421,
2276.201983449, 1.054405571,
2276.222415020, 1.071414524,
2276.263278163, 1.068127096,
2276.283709734, 1.064281253,
2276.324572877, 1.074755945,
2276.345004448, 1.046779800,
2276.365436020, 1.071543606,
2276.385867491, 1.064049120,
2276.406299162, 1.068168840,
2276.426730733, 1.058684649,
2276.447162204, 1.040841467,
2276.467593876, 1.063590976,
2276.488025447, 1.064681347,
2276.508457118, 1.050889795,
2276.528888589, 1.063024630,
2276.549320160, 1.053951584,
2276.569751831, 1.070927934,
2276.590183302, 1.092193009,
2276.610614873, 1.063110533,
2276.631046544, 1.052075002,
2276.651478015, 1.061886450,
2276.671909586, 1.066450704,
2276.692341257, 1.051603128,
2276.712772828, 1.048070515,
2276.733204299, 1.062245845,
2276.753635970, 1.066855333,
2276.774067541, 1.059974940,
2276.814930682, 1.062880793,
2276.835362253, 1.061935067,
2276.855793924, 1.063954633,
2276.876225395, 1.074438681,
2276.896656965, 1.061764581,
2276.917088636, 1.059625889,
2276.937520107, 1.061810946,
2276.957951678, 1.076448418,
2276.978383348, 1.070629487,
2276.998814819, 1.058060276,
2277.019246490, 1.058716479,
2277.060109531, 1.059936419,
2277.080541202, 1.030689429,
2277.100972672, 1.049789104,
2277.121404243, 1.055623957,
2277.141835913, 1.081856368,
2277.162267384, 1.063909413,
2277.182698955, 1.045114866,
2277.203130625, 1.063300747,
2277.223562196, 1.056887174,
2277.243993666, 1.056341705,
2277.264425337, 1.067647118,
2277.305288478, 1.065216268,
2277.325720048, 1.065885926,
2277.346151619, 1.054296903,
2277.366583289, 1.065316082,
2277.387014760, 1.051651511,
2277.407446330, 1.074895693,
2277.427878000, 1.047509931,
2277.448309471, 1.077577287,
2277.468741041, 1.074171119,
2277.489172712, 1.050548754,
2277.550467423, 1.069008958,
2277.570898893, 1.058875291,
2277.591330564, 1.066562781,
2277.611762134, 1.055111440,
2277.632193604, 1.073107470,
2277.652625275, 1.053439218,
2277.673056845, 1.079387635,
2277.693488415, 1.057913487,
2277.713919986, 1.058777384,
2277.734351556, 1.061024504,
2277.754783126, 1.060296140,
2277.795646267, 1.059231483,
2277.816077837, 1.068055443,
2277.836509407, 1.064463908,
2277.856940978, 1.042785065,
2277.877372548, 1.073995749,
2277.897804118, 1.054335344,
2277.918235688, 1.068530676,
2277.938667359, 1.046320259,
2277.959098829, 1.058431518,
2277.979530399, 1.048314582,
2277.999962070, 1.071883450,
2278.040825210, 1.193405812,
2278.061256780, 1.082868300,
2278.081688251, 1.067629582,
2278.102119921, 1.071537205,
2278.122551491, 1.058112638,
2278.142982961, 1.077115945,
2278.163414632, 1.071973300,
2278.183846202, 1.073190037,
2278.204277772, 1.060410110,
2278.224709342, 1.075485918,
2278.245140913, 1.077832028,
2278.265572583, 1.077270834,
2278.286004053, 1.071313422,
2278.306435623, 1.065838643,
2278.326867294, 1.067693355,
2278.347298764, 1.074503499,
2278.367730334, 1.072248813,
2278.388162004, 1.079994914,
2278.408593575, 1.064504706,
2278.429025045, 1.075475836,
2278.449456715, 1.071136549,
2278.469888185, 1.065494368,
2278.490319856, 1.064608866,
2278.531182896, 1.066629529,
2278.551614567, 1.066297615,
2278.572046137, 1.058053350,
2278.592477607, 1.061890298,
2278.612909277, 1.060381667,
2278.633340848, 1.064114284,
2278.653772318, 1.061113678,
2278.674203988, 1.063241652,
2278.694635559, 1.072233082,
2278.715067029, 1.056246884,
2278.735498699, 1.083638675,
2278.776361940, 1.074362011,
2278.796793410, 1.075800650,
2278.817224981, 1.072438219,
2278.837656651, 1.074896544,
2278.858088222, 1.064840248,
2278.878519692, 1.071350820,
2278.898951362, 1.048282026,
2278.919382933, 1.068525057,
2278.939814403, 1.068622358,
2278.960246074, 1.071765063,
2278.980677644, 1.076519255,
2279.021540785, 1.073484254,
2279.041972355, 1.073788633,
2279.062404026, 1.069902963,
2279.082835496, 1.066616732,
2279.103267067, 1.071796111,
2279.123698637, 1.069002269,
2279.144130208, 1.078344642,
2279.164561679, 1.092862555,
2279.184993349, 1.073170786,
2279.205424920, 1.057263082,
2279.225856590, 1.061080950,
2279.266719631, 1.070888249,
2279.287151302, 1.040751233,
2279.307582773, 1.065861506,
2279.328014343, 1.078221846,
2279.348446014, 1.074842964,
2279.368877485, 1.087605272,
2279.389309055, 1.081549451,
2279.409740726, 1.075612556,
2279.430172297, 1.075727788,
2279.450603867, 1.057916673,
2279.471035438, 1.058949419,
2279.511898580, 1.073272993,
2279.532330151, 1.053808395,
2279.552761721, 1.079183872,
2279.573193392, 1.074083336,
2279.593624863, 1.071367603,
2279.614056434, 1.076856863,
2279.634488105, 1.074538121,
2279.654919576, 1.066864055,
2279.675351147, 1.066513396,
2279.695782818, 1.069708214,
2279.716214288, 1.074433144,
2279.757077530, 1.075613846,
2279.777509001, 1.082083732,
2279.797940672, 1.073260881,
2279.818372144, 1.059009374,
2279.838803715, 1.058612900,
2279.859235386, 1.081452781,
2279.879666857, 1.087794257,
2279.900098428, 1.069414916,
2279.920530099, 1.074939597,
2279.940961670, 1.077627249,
2279.961393241, 1.062154862,
2280.002256384, 1.075779563,
2280.022687955, 1.077962744,
2280.063551098, 1.070361169,
2280.083982769, 1.067397634,
2280.104414241, 1.058163213,
2280.124845812, 1.081112432,
2280.145277483, 1.076147964,
2280.165708955, 1.071395411,
2280.186140626, 1.078282264,
2280.206572198, 1.079221769,
2280.247435341, 1.085040903,
2280.267866912, 1.095338450,
2280.288298384, 1.087509099,
2280.308730056, 1.069211706,
2280.349593099, 1.063620205,
2280.370024771, 1.091030323,
2280.390456342, 1.072639007,
2280.410887914, 1.068306512,
2280.431319486, 1.067636899,
2280.451751058, 1.078869346,
2280.492614201, 1.072941592,
2280.513045773, 1.073989659,
2280.533477345, 1.098726352,
2280.553908917, 1.073294328,
2280.574340489, 1.072766922,
2280.594772061, 1.077551125,
2280.615203633, 1.076540425,
2280.635635305, 1.082285265,
2280.656066877, 1.073918986,
2280.676498349, 1.062710874,
2280.696930021, 1.094285809,
2280.737793066, 1.078105190,
2280.758224738, 1.090036344,
2280.778656310, 1.076036067,
2280.819519455, 1.080030562,
2280.839951027, 1.085453977,
2280.860382500, 1.112497331,
2280.880814172, 1.080123437,
2280.901245745, 1.089761504,
2280.921677417, 1.068444467,
2280.982972135, 1.075157947,
2281.003403608, 1.075745950,
2281.023835180, 1.114492708,
2281.044266853, 1.079582235,
2281.064698426, 1.082788411,
2281.085129899, 1.084402689,
2281.105561571, 1.073563488,
2281.125993144, 1.072344261,
2281.146424717, 1.088963141,
2281.166856290, 1.078708927,
2281.187287863, 1.070291193,
2281.228151009, 1.090648046,
2281.248582482, 1.057119413,
2281.269014155, 1.094302622,
2281.289445729, 1.083282206,
2281.309877202, 1.064573120,
2281.330308875, 1.082566142,
2281.350740448, 1.088542234,
2281.371172122, 1.080882906,
2281.391603595, 1.081721389,
2281.412035168, 1.072844400,
2281.432466842, 1.078800600,
2281.473329889, 1.074590710,
2281.493761562, 1.077495386,
2281.514193036, 1.078812852,
2281.534624610, 1.084421742,
2281.555056283, 1.087962656,
2281.575487857, 1.080244816,
2281.595919431, 1.079625196,
2281.616351005, 1.123065840,
2281.636782579, 1.080247333,
2281.657214152, 1.084079121,
2281.677645726, 1.102284656,
2281.718508974, 1.081339333,
2281.738940448, 1.068412885,
2281.759372023, 1.082746346,
2281.779803697, 1.083326877,
2281.800235171, 1.084233175,
2281.820666845, 1.088156160,
2281.841098419, 1.085071376,
2281.861529894, 1.081927934,
2281.881961568, 1.079680900,
2281.902393043, 1.077621864,
2281.922824617, 1.079832559,
2281.963687766, 1.089321909,
2281.984119341, 1.114095208,
2282.004551016, 1.082370011,
2282.024982490, 1.082755324,
2282.045414165, 1.086868289,
2282.065845740, 1.081806074,
2282.086277315, 1.085467606,
2282.106708890, 1.083090390,
2282.127140464, 1.090418157,
2282.147572039, 1.079879790,
2282.168003615, 1.069434861,
2282.290593166, 1.075633147,
2282.311024641, 1.093158377,
2282.331456317, 1.062888905,
2282.351887892, 1.066730777,
2282.372319368, 1.084731805,
2282.392751043, 1.084361794,
2282.413182619, 1.093810049,
2282.433614095, 1.070218566,
2282.454045771, 1.079356436,
2282.474477346, 1.084407136,
2282.494909022, 1.086953734,
2282.515340498, 1.094092953,
2282.535772074, 1.079508691,
2282.556203650, 1.088878985,
2282.576635226, 1.087666367,
2282.597066702, 1.078375580,
2282.617498379, 1.088366552,
2282.637929955, 1.080929664,
2282.658361531, 1.079258531,
2282.699224684, 1.083819596,
2282.719656360, 1.083066335,
2282.740087837, 1.100101035,
2282.760519414, 1.096794166,
2282.780951090, 1.085207059,
2282.801382667, 1.089202632,
2282.821814144, 1.082745413,
2282.842245820, 1.099823988,
2282.862677397, 1.082811053,
2282.883108874, 1.087127932,
2282.903540551, 1.090768867,
2282.944403805, 1.091464190,
2282.964835283, 1.093250311,
2282.985266860, 1.078904239,
2283.005698537, 1.077931845,
2283.026130014, 1.086622413,
2283.046561592, 1.096599114,
2283.066993269, 1.079250609,
2283.087424747, 1.085201757,
2283.107856424, 1.082409742,
2283.128288002, 1.103181284,
2283.148719480, 1.080483035,
2283.189582635, 1.116554884,
2283.210014213, 1.095238474,
2283.230445891, 1.064396707,
2283.250877469, 1.076645068,
2283.271308947, 1.083324365,
2283.291740625, 1.075195632,
2283.312172203, 1.086225619,
2283.332603782, 1.082241136,
2283.353035360, 1.077068724,
2283.373466938, 1.093627915,
2283.393898517, 1.088337233,
2283.434761674, 1.081413099,
2283.455193353, 1.090907979,
2283.475624831, 1.108706730,
2283.496056410, 1.089544328,
2283.516488089, 1.078542256,
2283.536919568, 1.075324303,
2283.557351247, 1.097974624,
2283.577782826, 1.087971160,
2283.598214305, 1.067308708,
2283.618645984, 1.088817254,
2283.700372302, 1.076719607,
2283.720803781, 1.133058676,
2283.741235461, 1.070423089,
2283.761667040, 1.066776605,
2283.782098720, 1.076681541,
2283.802530200, 1.129772764,
2283.822961780, 1.088344408,
2283.843393460, 1.113928894,
2283.863824940, 1.094505072,
2283.884256520, 1.094446515,
2283.904688200, 1.095798582,
2283.925119680, 1.083283505,
2283.945551260, 1.093734101,
2283.965982941, 1.090946728,
2283.986414421, 1.076581563,
2284.006846102, 1.093723644,
2284.027277682, 1.090386041,
2284.047709163, 1.081528501,
2284.068140844, 1.073977019,
2284.088572424, 1.079077938,
2284.109003905, 1.087674297,
2284.129435586, 1.094308532,
2284.190730329, 1.094198347,
2284.211161911, 1.091840115,
2284.231593592, 1.092357530,
2284.252025073, 1.094831423,
2284.272456655, 1.092191308,
2284.292888336, 1.099532943,
2284.313319818, 1.078429459,
2284.333751400, 1.090332729,
2284.354183081, 1.078472551,
2284.374614563, 1.093614042,
2284.415477827, 1.090334497,
2284.435909409, 1.078459563,
2284.456340991, 1.092888385,
2284.476772573, 1.117969147,
2284.497204156, 1.093546974,
2284.517635738, 1.091043346,
2284.538067321, 1.089964357,
2284.558498903, 1.080055706,
2284.578930486, 1.080602495,
2284.599362068, 1.086182633,
2284.660656817, 1.066959421,
2284.681088500, 1.081447850,
2284.701519983, 1.090692931,
2284.721951566, 1.090565500,
2284.742383249, 1.089481874,
2284.762814733, 1.098194731,
2284.783246316, 1.083753390,
2284.803678000, 1.092922130,
2284.824109483, 1.094393770,
2284.844541167, 1.098862160,
2284.864972750, 1.074256403,
2284.905835918, 1.084045785,
2284.926267502, 1.071268090,
2284.946699086, 1.075968701,
2284.967130670, 1.068026767,
2284.987562255, 1.134987888,
2285.007993839, 1.089624550,
2285.028425423, 1.106333202,
2285.048857008, 1.092223982,
2285.069288692, 1.086521752,
2285.089720177, 1.093831071,
2285.110151762, 1.071518089,
2285.151015031, 1.082144730,
2285.171446516, 1.081049533,
2285.191878201, 1.074685145,
2285.212309787, 1.086560310,
2285.232741272, 1.089177084,
2285.253172957, 1.071647821,
2285.273604543, 1.095692484,
2285.294036128, 1.092129475,
2285.314467714, 1.091464697,
2285.334899199, 1.074364798,
2285.355330885, 1.104661521,
2285.396193957, 1.062013492,
2285.416625643, 1.060791493,
2285.437057229, 1.098069170,
2285.457488915, 1.084861112,
2285.477920402, 1.096349788,
2285.498351988, 1.075863673,
2285.518783675, 1.079576744,
2285.539215161, 1.090002681,
2285.559646748, 1.114687075,
2285.580078435, 1.104294150,
2285.600510021, 1.087762412,
2285.641373195, 1.094600852,
2285.661804783, 1.072791928,
2285.682236370, 1.064991026,
2285.702667957, 1.074406306,
2285.723099544, 1.088260104,
2285.743531232, 1.092185039,
2285.763962720, 1.088916571,
2285.784394307, 1.082595301,
2285.804825995, 1.079322800,
2285.825257483, 1.093134006,
2285.845689071, 1.100079876,
2285.886552247, 1.101033177,
2285.906983935, 1.096449313,
2285.927415524, 1.083510828,
2285.947847012, 1.091129490,
2285.968278701, 1.094148736,
2285.988710189, 1.105674442,
2286.009141778, 1.103689784,
2286.029573467, 1.091253150,
2286.050004956, 1.086721152,
2286.070436545, 1.106834606,
2286.090868234, 1.098133596,
2286.131731412, 1.081976345,
2286.152163002, 1.097428980,
2286.172594591, 1.080825948,
2286.193026181, 1.074519109,
2286.213457770, 1.103203659,
2286.233889360, 1.079060789,
2286.254320950, 1.084345356,
2286.274752540, 1.086057385,
2286.295184230, 1.075057457,
2286.315615820, 1.078561819,
2286.336047311, 1.081726574,
2286.356479001, 1.097272554,
2286.376910591, 1.085927455,
2286.397342082, 1.101524294,
2286.417773773, 1.087748162,
2286.438205364, 1.081622724,
2286.458636854, 1.080686221,
2286.479068545, 1.102512376,
2286.499500136, 1.090566964,
2286.519931828, 1.082796370,
2286.540363319, 1.085609330,
2286.560794910, 1.097781247,
2286.581226502, 1.090858147,
2286.622089585, 1.086294843,
2286.642521277, 1.090912488,
2286.662952869, 1.102578592,
2286.683384461, 1.090672639,
2286.703816053, 1.082475665,
2286.724247645, 1.085849978,
2286.744679338, 1.070012743,
2286.765110830, 1.077930628,
2286.785542423, 1.082412300,
2286.805974115, 1.101583335,
2286.826405708, 1.092185942,
2286.867268894, 1.115498550,
2286.887700487, 1.069777176,
2286.908131980, 1.094840903,
2286.928563673, 1.095213692,
2286.948995267, 1.106739944,
2286.969426960, 1.063951372,
2286.989858454, 1.083992975,
2287.010290048, 1.102991780,
2287.030721741, 1.093083978,
2287.051153235, 1.092159675,
2287.071584829, 1.078863521,
2287.112448018, 1.081847592,
2287.132879712, 1.084531759,
2287.153311307, 1.085339380,
2287.173742801, 1.075598986,
2287.194174496, 1.091306998,
2287.214606091, 1.094461281,
2287.235037586, 1.101593419,
2287.255469281, 1.102758047,
2287.296332471, 1.090513754,
2287.316764066, 1.086092413,
2287.357627258, 1.083804504,
2287.378058853, 1.090151454,
2287.398490449, 1.086620985,
2287.418922045, 1.086856170,
2287.439353641, 1.095240917,
2287.459785237, 1.084822659,
2287.480216933, 1.083230102,
2287.500648430, 1.094589558,
2287.521080026, 1.075927092,
2287.541511723, 1.072384926,
2287.561943220, 1.096396199,
2287.602806513, 1.088251497,
2287.623238011, 1.089576378,
2287.643669708, 1.086279839,
2287.664101305, 1.104011452,
2287.684532802, 1.096976397,
2287.704964500, 1.090090806,
2287.725396098, 1.084368832,
2287.745827595, 1.076604061,
2287.766259293, 1.078062682,
2287.786690891, 1.086432203,
2287.807122589, 1.095442018,
2287.847985686, 1.099695983,
2287.868417384, 1.090028938,
2287.888848883, 1.084358749,
2287.909280482, 1.092349489,
2287.929712180, 1.092680867,
2287.950143779, 1.077949253,
2287.970575379, 1.092950154,
2287.991006978, 1.076362215,
2288.011438477, 1.094199281,
2288.031870176, 1.085381022,
2288.052301776, 1.079223818,
2288.093164975, 1.310886768,
2288.113596575, 1.089017666,
2288.134028075, 1.096206344,
2288.154459775, 1.074631090,
2288.174891376, 1.085405033,
2288.195323076, 1.085755212,
2288.215754577, 1.091941468,
2288.236186177, 1.086387297,
2288.256617878, 1.094931057,
2288.277049379, 1.086106370,
2288.297480980, 1.091599081,
2288.338344182, 1.064132478,
2288.358775784, 1.084168407,
2288.379207485, 1.087789971,
2288.399638987, 1.098909321,
2288.420070689, 1.082966985,
2288.440502290, 1.088966480,
2288.460933892, 1.092134183,
2288.481365495, 1.090203756,
2288.501797097, 1.079748263,
2288.522228699, 1.093388271,
2288.542660302, 1.090928444,
2288.583523607, 1.081009952,
2288.603955110, 1.081752682,
2288.624386713, 1.093155971,
2288.644818316, 1.081508309,
2288.665249919, 1.095625482,
2288.685681523, 1.095730292,
2288.706113226, 1.094286863,
2288.726544730, 1.083243190,
2288.767408038, 1.083175309,
2288.787839542, 1.088482681,
2288.828702850, 1.095392788,
2288.849134355, 1.066242456,
2288.869566059, 1.088611681,
2288.889997664, 1.082926002,
2288.910429169, 1.091515633,
2288.930860874, 1.089779882,
2288.951292479, 1.091780842,
2288.971723984, 1.071743072,
2288.992155689, 1.079719339,
2289.012587295, 1.080361805,
2289.033019000, 1.085103237,
2289.073882112, 1.073279672,
2289.094313818, 1.103324820,
2289.114745324, 1.106878668,
2289.155608637, 1.071599463,
2289.176040243, 1.093040984,
2289.196471850, 1.095520392,
2289.216903457, 1.082820396,
2289.237335064, 1.077784041,
2289.257766671, 1.099813157,
2289.278198278, 1.100139500,
2289.319061493, 1.085103948,
2289.339493100, 1.063431058,
2289.359924608, 1.082644416,
2289.380356316, 1.072363301,
2289.400787924, 1.089387016,
2289.421219632, 1.095897418,
2289.441651140, 1.085920080,
2289.462082749, 1.081118533,
2289.482514458, 1.075597729,
2289.502945966, 1.085728824,
2289.523377575, 1.087696033,
2289.564240793, 1.084336288,
2289.584672502, 1.087551118,
2289.605104112, 1.096139859,
2289.625535621, 1.076145151,
2289.645967331, 1.092469686,
2289.666398941, 1.081351353,
2289.686830551, 1.085134238,
2289.707262161, 1.075484241,
2289.727693771, 1.082160325,
2289.748125381, 1.082981505,
2289.768556992, 1.079951793,
2289.809420313, 1.072804483,
2289.829851924, 1.081487471,
2289.850283435, 1.086132016,
2289.870715147, 1.087582746,
2289.891146758, 1.091399844,
2289.911578270, 1.089270088,
2289.932009981, 1.083994204,
2289.952441593, 1.093473214,
2289.972873105, 1.091313399,
2289.993304817, 1.078903705,
2290.013736329, 1.083619196,
2290.054599654, 1.080375114,
2290.075031167, 1.082890593,
2290.095462880, 1.086830317,
2290.115894493, 1.078613960,
2290.136326006, 1.079740865,
2290.156757719, 1.094546667,
2290.177189332, 1.067893427,
2290.197621046, 1.080540399,
2290.218052559, 1.083684588,
2290.238484173, 1.093762829,
2290.258915887, 1.094416692,
2290.299779016, 1.095460250,
2290.320210730, 1.095683510,
2290.340642345, 1.087260482,
2290.361073859, 1.086778924,
2290.381505574, 1.085511038,
2290.401937189, 1.090529513,
2290.422368804, 1.100078309,
2290.442800419, 1.087063513,
2290.463232035, 1.083577562,
2290.483663751, 1.091855942,
2290.504095266, 1.090614909,
2290.524526882, 1.096463567,
2290.544958598, 1.079771543,
2290.565390114, 1.086241686,
2290.585821731, 1.084962415,
2290.606253447, 1.094250593,
2290.626684964, 1.080883576,
2290.647116681, 1.091265745,
2290.667548198, 1.079741874,
2290.687979815, 1.102327595,
2290.708411532, 1.073426817,
2290.728843049, 1.094858438,
2290.749274667, 1.088052377,
2290.790137902, 1.148575701,
2290.810569620, 1.077721414,
2290.831001239, 1.077618545,
2290.851432857, 1.097484863,
2290.871864475, 1.074908407,
2290.892296094, 1.081879646,
2290.912727713, 1.082510085,
2290.933159332, 1.091955160,
2290.953590951, 1.092200275,
2290.974022570, 1.083123273,
2290.994454189, 1.087931226,
2291.035317529, 1.098208185,
2291.055749148, 1.088887555,
2291.076180668, 1.091520732,
2291.096612389, 1.082192045,
2291.117044009, 1.095430852,
2291.137475529, 1.087244363,
2291.157907250, 1.130384896,
2291.178338871, 1.081573921,
2291.198770392, 1.088984921,
2291.219202113, 1.086733786,
2291.239633734, 1.091720088,
2291.321360221, 1.101126385,
2291.341791843, 1.098317584,
2291.362223465, 1.102313242,
2291.382655088, 1.089678393,
2291.403086710, 1.091707813,
2291.423518433, 1.095142349,
2291.443949956, 1.074551413,
2291.464381579, 1.103345548,
2291.484813302, 1.099233608,
2291.525676449, 1.081371531,
2291.546108172, 1.088156497,
2291.566539796, 1.096378079,
2291.586971320, 1.098512853,
2291.607403044, 1.089550448,
2291.627834669, 1.084650583,
2291.648266393, 1.083497429,
2291.689129543, 1.092401073,
2291.709561268, 1.077304661,
2291.729992793, 1.097650160,
2291.770856143, 1.091199619,
2291.791287669, 1.081031912,
2291.811719395, 1.073286654,
2291.832151021, 1.091658080,
2291.852582547, 1.102034751,
2291.873014273, 1.094989827,
2291.893445900, 1.083814575,
2291.913877426, 1.072248122,
2291.934309153, 1.088401742,
2291.954740780, 1.079176160,
2291.975172407, 1.081704508,
2292.016035662, 1.088088548,
2292.036467289, 1.074513202,
2292.056898917, 1.099172118,
2292.077330545, 1.097564591,
2292.097762173, 1.096739720,
2292.118193801, 1.089749088,
2292.138625430, 1.100843716,
2292.159057059, 1.102669407,
2292.179488687, 1.093103328,
2292.199920416, 1.081420199,
2292.220352045, 1.097023638,
2292.261215304, 1.101934507,
2292.281646934, 1.081251436,
2292.302078464, 1.088664363,
2292.322510194, 1.080630155,
2292.342941824, 1.100538412,
2292.363373354, 1.097380256,
2292.383805085, 1.099437415,
2292.404236715, 1.090962103,
2292.424668446, 1.100512175,
2292.445099977, 1.096216860,
2292.506394871, 1.083041327,
2292.547258235, 1.089844013,
2292.567689767, 1.102146839,
2292.588121399, 1.097307867,
2292.608553131, 1.093014036,
2292.628984664, 1.090901051,
2292.649416397, 1.076827711,
2292.669848029, 1.086324897,
2292.690279563, 1.089961996,
2292.710711296, 1.094378084,
2292.751574463, 1.092508496,
2292.772006197, 1.093404851,
2292.792437831, 1.087428360,
2292.812869465, 1.086679987,
2292.833301099, 1.078177539,
2292.853732733, 1.103384855,
2292.874164468, 1.106546227,
2292.894596003, 1.073366875,
2292.915027638, 1.104574951,
2292.935459373, 1.084877898,
2292.955890909, 1.092792840,
2292.996754280, 1.089733448,
2293.017185816, 1.093515321,
2293.037617552, 1.063444267,
2293.058049188, 1.081408728,
2293.078480724, 1.094861689,
2293.098912461, 1.106623711,
2293.119344098, 1.081609398,
2293.139775635, 1.089760822,
2293.160207372, 1.095651986,
2293.180639009, 1.097017327,
2293.201070747, 1.091071678,
2293.241933922, 1.104996327,
2293.262365661, 1.104147969,
2293.282797199, 1.100423026,
2293.303228837, 1.111510961,
2293.323660476, 1.098046370,
2293.344092215, 1.084110268,
2293.364523854, 1.087361098,
2293.384955493, 1.096554055,
2293.405387032, 1.102404703,
2293.425818772, 1.087234146,
2293.446250411, 1.089466201,
2293.487113691, 1.078681963,
2293.507545332, 1.097431250,
2293.527976872, 1.089998498,
2293.548408613, 1.106977542,
2293.568840253, 1.083515119,
2293.589271994, 1.092624289,
2293.609703536, 1.097663291,
2293.630135177, 1.090046160,
2293.670998460, 1.097816437,
2293.691430102, 1.080754628,
2293.732293387, 1.110394027,
2293.752725129, 1.081411049,
2293.773156772, 1.072523074,
2293.793588315, 1.106388444,
2293.814020058, 1.095475763,
2293.834451701, 1.080334653,
2293.854883344, 1.097210971,
2293.875314988, 1.097645582,
2293.895746632, 1.096171181,
2293.916178376, 1.088607346,
2293.936609920, 1.088220445,
2293.957041564, 1.084042133,
2293.977473209, 1.097037314,
2293.997904953, 1.096459009,
2294.018336498, 1.092455260,
2294.038768144, 1.113220423,
2294.059199789, 1.099297352,
2294.079631434, 1.075448621,
2294.100063180, 1.085682313,
2294.120494726, 1.087924466,
2294.140926472, 1.093684045,
2294.161358118, 1.089476921,
2294.181789665, 1.105378615,
2294.222653058, 1.112049989,
2294.243084605, 1.111277850,
2294.283948000, 1.091897035,
2294.304379747, 1.091850755,
2294.324811295, 1.101225746,
2294.345242943, 1.104746561,
2294.365674691, 1.097361961,
2294.386106240, 1.101372215,
2294.406537888, 1.105459341,
2294.467832835, 1.121897149,
2294.488264585, 1.096330676,
2294.508696234, 1.096004519,
2294.529127884, 1.097733458,
2294.549559534, 1.099820641,
2294.569991184, 1.103146226,
2294.590422834, 1.099682563,
2294.610854485, 1.100833112,
2294.631286136, 1.087265408,
2294.651717787, 1.115492657,
2294.672149438, 1.096140678,
2294.713012741, 1.094225822,
2294.733444392, 1.100946669,
2294.753876144, 1.093427896,
2294.774307696, 1.085587767,
2294.794739349, 1.097944940,
2294.815171101, 1.096105094,
2294.835602654, 1.101086768,
2294.856034407, 1.095844812,
2294.876466060, 1.092948795,
2294.896897613, 1.081732620,
2294.917329367, 1.103697182,
2294.958192574, 1.097076836,
2294.978624328, 1.132004211,
2295.019487537, 1.094595184,
2295.039919292, 1.118210787,
2295.060350947, 1.096879407,
2295.080782702, 1.091444085,
2295.101214257, 1.104183687,
2295.121645913, 1.090777553,
2295.142077669, 1.098319819,
2295.162509324, 1.100228577,
2295.203372637, 1.083654063,
2295.223804293, 1.097016837,
2295.244235950, 1.094376505,
2295.264667607, 1.099812667,
2295.285099264, 1.106417115,
2295.305530922, 1.095874861,
2295.325962579, 1.091352818,
2295.346394137, 1.092586908,
2295.366825895, 1.115723299,
2295.387257553, 1.096936541,
2295.407689311, 1.096165997,
2295.448552529, 1.080229504,
2295.489415847, 1.108555557,
2295.509847506, 1.101756372,
2295.530279266, 1.113722200,
2295.550710826, 1.103627499,
2295.571142486, 1.110120524,
2295.591574246, 1.093681245,
2295.612005807, 1.090872544,
2295.632437567, 1.093740982,
2295.652869228, 1.076756581,
2295.693732550, 1.111667754,
2295.714164212, 1.104878929,
2295.734595874, 1.095434069,
2295.755027536, 1.088937610,
2295.775459198, 1.109866842,
2295.795890960, 1.093462468,
2295.816322522, 1.098323902,
2295.836754185, 1.100884416,
2295.857185948, 1.106089319,
2295.877617611, 1.095095538,
2295.898049175, 1.119364639,
2295.938912602, 1.080141766,
2295.959344166, 1.076600491,
2295.979775930, 1.101281319,
2296.000207595, 1.095309734,
2296.020639259, 1.090378009,
2296.061502589, 1.095562318,
2296.081934255, 1.095089721,
2296.102365920, 1.091420574,
2296.122797486, 1.098723762,
2296.143229252, 1.096621940,
2296.184092684, 1.095189231,
2296.204524251, 1.111110458,
2296.224955918, 1.105401909,
2296.245387685, 1.085556560,
2296.265819252, 1.096918805,
2296.286250919, 1.088571342,
2296.327114255, 1.087375383,
2296.347546023, 1.100144430,
2296.367977691, 1.089333962,
2296.388409360, 1.094862017,
2296.429272697, 1.103465911,
2296.449704366, 1.105146229,
2296.470136036, 1.095598192,
2296.490567705, 1.121457715,
2296.510999375, 1.085828998,
2296.531431145, 1.119202130,
2296.551862716, 1.103071193,
2296.572294486, 1.086792156,
2296.592726157, 1.100429001,
2296.613157728, 1.109973010,
2296.633589499, 1.091116301,
2296.654021170, 1.097418650,
2296.674452742, 1.098006311,
2296.694884513, 1.104055399,
2296.715316085, 1.101997042,
2296.735747858, 1.080658885,
2296.776611103, 1.093620839,
2296.797042876, 1.090180827,
2296.817474549, 1.100097602,
2296.837906122, 1.107149468,
2296.858337896, 1.105604381,
2296.878769569, 1.089627768,
2296.919632918, 1.120766681,
2296.940064592, 1.099431730,
2296.960496367, 1.104400261,
2296.980927941, 1.085692153,
2297.001359617, 1.092442168,
2297.021791392, 1.131723532,
2297.042223067, 1.119562732,
2297.062654643, 1.105166903,
2297.083086419, 1.088728859,
2297.103518095, 1.109319090,
2297.123949772, 1.112008465,
2297.164813125, 1.080446925,
2297.185244903, 1.079260869,
2297.205676480, 1.096818188,
2297.226108158, 1.098975784,
2297.246539935, 1.103364245,
2297.266971513, 1.094559832,
2297.287403292, 1.098126891,
2297.307834970, 1.102831903,
2297.328266549, 1.097894965,
2297.348698328, 1.116177799,
2297.369129907, 1.108082789,
2297.409993366, 1.095695329,
2297.430424946, 1.104039597,
2297.450856626, 1.076761130,
2297.471288406, 1.108663270,
2297.491719987, 1.130425019,
2297.512151767, 1.074784646,
2297.532583448, 1.089496338,
2297.553015130, 1.103346402,
2297.573446811, 1.089355438,
2297.593878493, 1.110588565,
2297.614310175, 1.094689531,
2297.634741857, 1.102603398,
2297.655173539, 1.087768880,
2297.675605322, 1.099350662,
2297.696036905, 1.092476881,
2297.716468588, 1.125400043,
2297.736900371, 1.099472813,
2297.757332054, 1.107981753,
2297.777763638, 1.082951304,
2297.798195422, 1.085523169,
2297.818627106, 1.100865965,
2297.839058691, 1.105709540,
2297.859490476, 1.091590807,
2297.900353946, 1.100800151,
2297.920785531, 1.112688449,
2297.941217217, 1.103717914,
2297.961649002, 1.096446482,
2297.982080588, 1.103929255,
2298.002512275, 1.084071740,
2298.022943961, 1.103080822,
2298.043375648, 1.099979043,
2298.063807435, 1.102584698,
2298.084239022, 1.092963240,
2298.104670710, 1.093089242,
2298.145534086, 1.109987482,
2298.165965774, 1.085118734,
2298.186397562, 1.083436111,
2298.206829151, 1.096321776,
2298.227260940, 1.117906806,
2298.247692629, 1.085776875,
2298.268124318, 1.105404867,
2298.288556008, 1.099782503,
2298.308987698, 1.077685764,
2298.349851078, 1.124303559,
2298.370282769, 1.116781414,
2298.390714460, 1.114322562,
2298.411146251, 1.094661930,
2298.431577842, 1.102738704,
2298.452009634, 1.089526787,
2298.472441325, 1.112252917,
2298.492872917, 1.110654882,
2298.513304709, 1.103601201,
2298.533736402, 1.081130064,
2298.554167995, 1.093774253,
2298.574599788, 1.095513743,
2298.595031481, 1.084453124,
2298.635894868, 1.110257706,
2298.656326562, 1.102209671,
2298.676758256, 1.095812838,
2298.697189951, 1.094653721,
2298.717621645, 1.099990089,
2298.738053340, 1.102188373,
2298.758485035, 1.095271169,
2298.778916831, 1.107300306,
2298.799348426, 1.107590183,
2298.819780122, 1.090279643,
2298.881075211, 1.095279927,
2298.901507008, 1.094729613,
2298.921938705, 1.096821779,
2298.942370302, 1.106323235,
2298.962802100, 1.091655456,
2298.983233798, 1.090736955,
2299.003665496, 1.091092945,
2299.024097194, 1.101348667,
2299.044528893, 1.095833611,
2299.064960692, 1.104512670,
2299.085392291, 1.112342252,
2299.126255790, 1.096319033,
2299.146687389, 1.106609339,
2299.167119189, 1.100816716,
2299.187550890, 1.106197481,
2299.207982490, 1.108998703,
2299.228414291, 1.100502921,
2299.248845992, 1.102715779,
2299.269277593, 1.083714304,
2299.289709395, 1.097204741,
2299.310141096, 1.076760388,
2299.330572799, 1.093078001,
2299.371436203, 1.095114656,
2299.391867906, 1.100742443,
2299.412299609, 1.087780900,
2299.432731312, 1.089558108,
2299.453163016, 1.114364168,
2299.473594720, 1.108311886,
2299.494026424, 1.087439801,
2299.514458128, 1.104337561,
2299.534889833, 1.090230417,
2299.555321637, 1.078112328,
2299.575753342, 1.092389492,
2299.596184947, 1.090638851,
2299.616616753, 1.089472805,
2299.637048459, 1.099086064,
